0.067167	0.006795	0.002861	-0.000002	
2.013197	-0.978273	-0.048277	-0.000004	
4.003724	-1.989425	-0.101646	-0.000007	
6.017336	-3.016647	-0.156933	-0.000010	
8.035699	-4.051448	-0.213848	-0.000013	
10.043725	-5.086926	-0.272125	-0.000018	
12.029386	-6.117657	-0.331528	-0.000022	
13.983419	-7.139537	-0.391850	-0.000027	
15.898980	-8.149601	-0.452913	-0.000033	
17.771293	-9.145849	-0.514570	-0.000038	
19.597303	-10.127068	-0.576703	-0.000044	
21.375344	-11.092670	-0.639218	-0.000050	
23.104839	-12.042549	-0.702046	-0.000056	
24.786029	-12.976945	-0.765138	-0.000061	
26.419738	-13.896336	-0.828465	-0.000066	
28.007170	-14.801337	-0.892012	-0.000069	
29.549736	-15.692626	-0.955781	-0.000070	
31.048918	-16.570875	-1.019781	-0.000069	
32.506160	-17.436701	-1.084034	-0.000064	
33.922779	-18.290629	-1.148567	-0.000056	
35.299902	-19.133063	-1.213413	-0.000042	
36.638430	-19.964267	-1.278609	-0.000023	
37.939006	-20.784357	-1.344197	0.000003	
39.202003	-21.593294	-1.410218	0.000037	
40.427528	-22.390887	-1.476715	0.000080	
41.615425	-23.176798	-1.543733	0.000133	
42.765293	-23.950549	-1.611315	0.000196	
43.876507	-24.711533	-1.679504	0.000271	
44.948240	-25.459028	-1.748342	0.000357	
45.979491	-26.192206	-1.817870	0.000455	
46.969111	-26.910151	-1.888129	0.000565	
47.915832	-27.611869	-1.959156	0.000685	
48.818297	-28.296305	-2.030989	0.000813	
49.675080	-28.962353	-2.103664	0.000948	
50.484718	-29.608873	-2.177215	0.001085	
51.245731	-30.234697	-2.251674	0.001220	
51.956647	-30.838647	-2.327074	0.001346	
52.616019	-31.419542	-2.403445	0.001455	
53.222445	-31.976209	-2.480815	0.001539	
53.774584	-32.507494	-2.559213	0.001585	
54.271172	-33.012268	-2.638664	0.001581	
54.711032	-33.489437	-2.719193	0.001511	
55.093083	-33.937949	-2.800825	0.001358	
55.416355	-34.356801	-2.883583	0.001103	
55.679992	-34.745045	-2.967489	0.000724	
55.883257	-35.101791	-3.052564	0.000200	
56.025536	-35.426216	-3.138831	-0.000491	
56.106345	-35.717566	-3.226310	-0.001374	
56.125324	-35.975158	-3.315025	-0.002471	
56.082241	-36.198383	-3.404999	-0.003802	
55.976989	-36.386711	-3.496258	-0.005384	
55.809580	-36.539686	-3.588831	-0.007229	
55.580147	-36.656933	-3.682752	-0.009343	
55.288930	-36.738150	-3.778061	-0.011722	
54.936274	-36.783112	-3.874804	-0.014348	
54.522618	-36.791667	-3.973038	-0.017190	
54.048490	-36.763732	-4.072828	-0.020198	
53.514490	-36.699289	-4.174257	-0.023301	
52.921285	-36.598382	-4.277420	-0.026400	
52.269596	-36.461108	-4.382430	-0.029368	
51.560186	-36.287617	-4.489424	-0.032042	
50.793848	-36.078102	-4.598558	-0.034226	
49.971396	-35.832792	-4.710014	-0.035679	
49.093653	-35.551950	-4.824003	-0.036118	
48.161445	-35.235865	-4.940762	-0.035217	
47.175595	-34.884846	-5.060559	-0.032602	
46.136914	-34.499222	-5.183688	-0.027858	
45.046210	-34.079336	-5.310473	-0.020526	
43.904285	-33.625547	-5.441261	-0.010117	
42.711950	-33.138229	-5.576419	0.003885	
41.470038	-32.617781	-5.716326	0.022006	
40.179429	-32.064629	-5.861363	0.044764	
38.841077	-31.479242	-6.011902	0.072645	
37.456057	-30.862145	-6.168289	0.106077	
36.025608	-30.213940	-6.330820	0.145390	
34.551196	-29.535334	-6.499724	0.190774	
33.034581	-28.827164	-6.675129	0.242232	
31.477899	-28.090437	-6.857029	0.299516	
29.883754	-27.326364	-7.045247	0.362068	
28.255310	-26.536410	-7.239393	0.428943	
26.596401	-25.722339	-7.438814	0.498729	
24.911639	-24.886260	-7.642547	0.569467	
23.206521	-24.030684	-7.849261	0.638558	
21.487538	-23.158565	-8.057207	0.702679	
19.762261	-22.273349	-8.264158	0.757692	
18.039423	-21.379004	-8.467364	0.798568	
16.328957	-20.480045	-8.663499	0.819321	
14.642003	-19.581533	-8.848632	0.812955	
12.990850	-18.689053	-9.018197	0.771446	
11.388809	-17.808653	-9.166996	0.685755	
9.849981	-16.946736	-9.289215	0.545883	
8.388894	-16.109896	-9.378480	0.340993	
7.019959	-15.304654	-9.427949	0.059590	
5.756626	-14.537066	-9.430449	-0.310207	
4.610096	-13.812096	-9.378673	-0.780299	
3.587799	-13.132896	-9.265439	-1.362126	
2.692484	-12.500385	-9.084029	-2.066061	
1.922444	-11.913407	-8.828603	-2.900658	
1.272453	-11.369251	-8.494713	-3.871749	
0.734753	-10.864203	-8.079910	-4.981374	
0.299888	-10.394047	-7.584445	-6.226536	
-0.042601	-9.954518	-7.011766	-7.598263	
-0.303617	-9.541659	-6.368237	-9.082121	
-0.494057	-9.151979	-5.662023	-10.660382	
-0.624480	-8.782463	-4.901947	-12.314288	
-0.704849	-8.430542	-4.096818	-14.025391	
-0.744362	-8.094044	-3.255067	-15.776257	
-0.751342	-7.771163	-2.384523	-17.550887	
-0.733184	-7.460406	-1.492287	-19.334962	
-0.696338	-7.160555	-0.584659	-21.115942	
-0.646329	-6.870630	0.332876	-22.883076	
-0.587801	-6.589845	1.255629	-24.627340	
-0.524578	-6.317575	2.179668	-26.341331	
-0.459738	-6.053330	3.101760	-28.019124	
-0.395686	-5.796720	4.019298	-29.656114	
-0.334243	-5.547438	4.930229	-31.248854	
-0.276721	-5.305234	5.832980	-32.794882	
-0.224002	-5.069903	6.726378	-34.292568	
-0.176614	-4.841267	7.609588	-35.740957	
-0.134793	-4.619167	8.482040	-37.139637	
-0.098546	-4.403450	9.343374	-38.488612	
-0.067706	-4.193967	10.193385	-39.788192	
-0.041975	-3.990565	11.031978	-41.038903	
-0.020966	-3.793085	11.859129	-42.241406	
-0.004235	-3.601358	12.674853	-43.396433	
0.008691	-3.415206	13.479173	-44.504734	
0.018294	-3.234443	14.272102	-45.567036	
0.025045	-3.058869	15.053626	-46.584015	
0.029395	-2.888279	15.823690	-47.556271	
0.031765	-2.722459	16.582192	-48.484317	
0.032538	-2.561188	17.328973	-49.368571	
0.032058	-2.404239	18.063821	-50.209354	
0.030630	-2.251383	18.786462	-51.006889	
0.028516	-2.102388	19.496570	-51.761312	
0.025942	-1.957021	20.193763	-52.472672	
0.023094	-1.815049	20.877609	-53.140948	
0.020130	-1.676240	21.547629	-53.766053	
0.017174	-1.540364	22.203305	-54.347849	
0.014328	-1.407196	22.844081	-54.886155	
0.011668	-1.276512	23.469372	-55.380759	
0.009257	-1.148093	24.078566	-55.831430	
0.007137	-1.021725	24.671033	-56.237925	
0.005343	-0.897197	25.246126	-56.599999	
0.003896	-0.774306	25.803189	-56.917415	
0.002815	-0.652850	26.341560	-57.189949	
0.002110	-0.532632	26.860578	-57.417397	
0.001788	-0.413460	27.359583	-57.599580	
0.001854	-0.295144	27.837925	-57.736352	
0.002310	-0.177496	28.294960	-57.827598	
0.003155	-0.060330	28.730063	-57.873240	
0.004385	0.056541	29.142623	-57.873240	
0.005992	0.173306	29.532047	-57.827598	
0.007962	0.290156	29.897765	-57.736352	
0.010273	0.407288	30.239228	-57.599580	
0.012893	0.524908	30.555912	-57.417397	
0.015776	0.643231	30.847316	-57.189949	
0.018861	0.762484	31.112963	-56.917415	
0.022063	0.882913	31.352402	-56.599999	
0.025277	1.004782	31.565202	-56.237925	
0.028368	1.128378	31.750954	-55.831430	
0.031168	1.254013	31.909269	-55.380759	
0.033476	1.382030	32.039772	-54.886155	
0.035046	1.512807	32.142099	-54.347849	
0.035596	1.646754	32.215898	-53.766053	
0.034796	1.784323	32.260816	-53.140948	
0.032272	1.926004	32.276498	-52.472672	
0.027607	2.072329	32.262581	-51.761312	
0.020344	2.223870	32.218689	-51.006889	
0.009993	2.381236	32.144423	-50.209354	
-0.003961	2.545070	32.039358	-49.368571	
-0.022042	2.716038	31.903036	-48.484317	
-0.044768	2.894823	31.734961	-47.556271	
-0.072625	3.082110	31.534594	-46.584015	
-0.106039	3.278564	31.301354	-45.567036	
-0.145339	3.484812	31.034612	-44.504734	
-0.190716	3.701412	30.733698	-43.396433	
-0.242169	3.928820	30.397906	-42.241406	
-0.299452	4.167351	30.026502	-41.038903	
-0.362005	4.417132	29.618739	-39.788191	
-0.428882	4.678056	29.173878	-38.488611	
-0.498672	4.949718	28.691216	-37.139637	
-0.569415	5.231357	28.170114	-35.740956	
-0.638512	5.521788	27.610045	-34.292567	
-0.702638	5.819337	27.010639	-32.794881	
-0.757656	6.121770	26.371742	-31.248853	
-0.798538	6.426223	25.693484	-29.656113	
-0.819296	6.729146	24.976352	-28.019122	
-0.812934	7.026253	24.221272	-26.341329	
-0.771430	7.312478	23.429696	-24.627337	
-0.685742	7.581970	22.603696	-22.883073	
-0.545874	7.828100	21.746052	-21.115939	
-0.340987	8.043514	20.860342	-19.334960	
-0.059586	8.220228	19.951018	-17.550884	
0.310209	8.349778	19.023467	-15.776254	
0.780300	8.423442	18.084042	-14.025389	
1.362126	8.432531	17.140056	-12.314286	
2.066060	8.368776	16.199712	-10.660380	
2.900656	8.224815	15.271954	-9.082120	
3.871747	7.994796	14.366181	-7.598262	
4.981371	7.675091	13.491656	-6.226537	
6.226533	7.265121	12.656465	-4.981376	
7.598260	6.767920	11.866546	-3.871754	
9.082118	6.189835	11.125476	-2.900666	
10.660379	5.539333	10.434842	-2.066071	
12.314286	4.825771	9.794664	-1.362140	
14.025389	4.058655	9.203751	-0.780317	
15.776255	3.247214	8.659998	-0.310229	
17.550886	2.400135	8.160654	0.059563	
19.334961	1.525384	7.702541	0.340961	
21.115941	0.630115	7.282242	0.545845	
22.883075	-0.279374	6.896245	0.685710	
24.627339	-1.197638	6.541067	0.771396	
26.341330	-2.120053	6.213338	0.812899	
28.019123	-3.042766	5.909871	0.819259	
29.656114	-3.962624	5.627705	0.798502	
31.248854	-4.877106	5.364133	0.757623	
32.794882	-5.784238	5.116717	0.702609	
34.292568	-6.682517	4.883291	0.638490	
35.740957	-7.570838	4.661952	0.569403	
37.139637	-8.448417	4.451049	0.498673	
38.488612	-9.314730	4.249169	0.428900	
39.788192	-10.169450	4.055111	0.362045	
41.038903	-11.012400	3.867869	0.299519	
42.241406	-11.843501	3.686604	0.242269	
43.396433	-12.662739	3.510630	0.190854	
44.504734	-13.470130	3.339383	0.145523	
45.567036	-14.265694	3.172408	0.106273	
46.584015	-15.049437	3.009337	0.072916	
47.556271	-15.821332	2.849874	0.045121	
48.484317	-16.581310	2.693778	0.022461	
49.368571	-17.329250	2.540853	0.004450	
50.209354	-18.064976	2.390934	-0.009432	
51.006889	-18.788254	2.243878	-0.019713	
51.761312	-19.498794	2.099562	-0.026910	
52.472672	-20.196248	1.957866	-0.031517	
53.140948	-20.880216	1.818681	-0.033997	
53.766053	-21.550248	1.681892	-0.034772	
54.347849	-22.205852	1.547388	-0.034223	
54.886155	-22.846492	1.415050	-0.032687	
55.380759	-23.471604	1.284756	-0.030457	
55.831430	-24.080592	1.156378	-0.027786	
56.237925	-24.672836	1.029783	-0.024889	
56.599999	-25.247703	0.904829	-0.021943	
56.917415	-25.804543	0.781372	-0.019096	
57.189949	-26.342701	0.659262	-0.016466	
57.417397	-26.861520	0.538343	-0.014147	
57.599580	-27.360344	0.418455	-0.012213	
57.736352	-27.838522	0.299434	-0.010718	
57.827598	-28.295414	0.181112	-0.009700	
57.873240	-28.730393	0.063316	-0.009186	
57.873240	-29.142847	-0.054131	-0.009186	
57.827598	-29.532184	-0.171412	-0.009700	
57.736352	-29.897830	-0.288716	-0.010718	
57.599580	-30.239236	-0.406242	-0.012213	
57.417397	-30.555876	-0.524196	-0.014147	
57.189949	-30.847248	-0.642797	-0.016466	
56.917415	-31.112872	-0.762277	-0.019096	
56.599999	-31.352297	-0.882886	-0.021943	
56.237925	-31.565089	-1.004894	-0.024889	
55.831430	-31.750839	-1.128592	-0.027786	
55.380759	-31.909155	-1.254299	-0.030457	
54.886155	-32.039663	-1.382363	-0.032687	
54.347849	-32.141998	-1.513165	-0.034223	
53.766053	-32.215805	-1.647120	-0.034772	
53.140948	-32.260732	-1.784683	-0.033997	
52.472672	-32.276424	-1.926349	-0.031517	
51.761312	-32.262517	-2.072652	-0.026910	
51.006889	-32.218635	-2.224165	-0.019713	
50.209354	-32.144378	-2.381501	-0.009432	
49.368571	-32.039321	-2.545303	0.004450	
48.484317	-31.903007	-2.716240	0.022461	
47.556271	-31.734938	-2.894995	0.045121	
46.584015	-31.534578	-3.082253	0.072916	
45.567036	-31.301342	-3.278681	0.106273	
44.504734	-31.034604	-3.484905	0.145522	
43.396433	-30.733694	-3.701484	0.190854	
42.241406	-30.397905	-3.928873	0.242269	
41.038903	-30.026503	-4.167388	0.299519	
39.788191	-29.618741	-4.417157	0.362045	
38.488611	-29.173882	-4.678070	0.428900	
37.139637	-28.691220	-4.949723	0.498673	
35.740956	-28.170119	-5.231354	0.569403	
34.292567	-27.610050	-5.521780	0.638490	
32.794881	-27.010644	-5.819326	0.702609	
31.248853	-26.371747	-6.121756	0.757623	
29.656113	-25.693489	-6.426207	0.798502	
28.019122	-24.976357	-6.729130	0.819259	
26.341329	-24.221276	-7.026237	0.812899	
24.627337	-23.429700	-7.312463	0.771396	
22.883073	-22.603699	-7.581955	0.685710	
21.115939	-21.746055	-7.828086	0.545845	
19.334960	-20.860345	-8.043502	0.340961	
17.550884	-19.951020	-8.220217	0.059563	
15.776254	-19.023469	-8.349769	-0.310229	
14.025389	-18.084043	-8.423434	-0.780316	
12.314286	-17.140057	-8.432524	-1.362140	
10.660380	-16.199712	-8.368770	-2.066071	
9.082120	-15.271954	-8.224811	-2.900665	
7.598262	-14.366181	-7.994792	-3.871754	
6.226537	-13.491656	-7.675088	-4.981376	
4.981376	-12.656465	-7.265119	-6.226537	
3.871754	-11.866546	-6.767919	-7.598262	
2.900666	-11.125476	-6.189835	-9.082119	
2.066071	-10.434841	-5.539333	-10.660380	
1.362140	-9.794664	-4.825771	-12.314285	
0.780317	-9.203751	-4.058655	-14.025388	
0.310229	-8.659998	-3.247215	-15.776254	
-0.059563	-8.160654	-2.400136	-17.550884	
-0.340961	-7.702541	-1.525385	-19.334959	
-0.545845	-7.282242	-0.630116	-21.115939	
-0.685710	-6.896245	0.279374	-22.883073	
-0.771396	-6.541067	1.197638	-24.627337	
-0.812899	-6.213338	2.120053	-26.341329	
-0.819259	-5.909871	3.042765	-28.019122	
-0.798502	-5.627705	3.962624	-29.656113	
-0.757623	-5.364133	4.877106	-31.248853	
-0.702609	-5.116717	5.784237	-32.794881	
-0.638490	-4.883291	6.682517	-34.292567	
-0.569403	-4.661952	7.570837	-35.740956	
-0.498673	-4.451049	8.448417	-37.139637	
-0.428900	-4.249169	9.314729	-38.488611	
-0.362045	-4.055111	10.169450	-39.788191	
-0.299519	-3.867869	11.012400	-41.038903	
-0.242269	-3.686604	11.843501	-42.241406	
-0.190854	-3.510630	12.662739	-43.396433	
-0.145523	-3.339383	13.470130	-44.504734	
-0.106273	-3.172408	14.265694	-45.567036	
-0.072916	-3.009337	15.049437	-46.584015	
-0.045121	-2.849874	15.821333	-47.556271	
-0.022461	-2.693778	16.581310	-48.484317	
-0.004450	-2.540853	17.329250	-49.368571	
0.009432	-2.390934	18.064976	-50.209354	
0.019713	-2.243878	18.788254	-51.006889	
0.026910	-2.099562	19.498794	-51.761312	
0.031517	-1.957866	20.196248	-52.472672	
0.033997	-1.818681	20.880216	-53.140948	
0.034772	-1.681892	21.550248	-53.766053	
0.034223	-1.547388	22.205852	-54.347849	
0.032687	-1.415050	22.846492	-54.886155	
0.030457	-1.284756	23.471604	-55.380759	
0.027786	-1.156378	24.080592	-55.831430	
0.024889	-1.029783	24.672836	-56.237925	
0.021943	-0.904829	25.247703	-56.599999	
0.019096	-0.781372	25.804543	-56.917415	
0.016466	-0.659262	26.342701	-57.189949	
0.014147	-0.538343	26.861521	-57.417397	
0.012213	-0.418455	27.360344	-57.599580	
0.010718	-0.299434	27.838522	-57.736352	
0.009700	-0.181112	28.295414	-57.827598	
0.009186	-0.063316	28.730393	-57.873240	
0.009186	0.054131	29.142847	-57.873240	
0.009700	0.171412	29.532184	-57.827598	
0.010718	0.288716	29.897830	-57.736352	
0.012213	0.406242	30.239236	-57.599580	
0.014147	0.524196	30.555876	-57.417397	
0.016466	0.642797	30.847248	-57.189949	
0.019096	0.762277	31.112872	-56.917415	
0.021943	0.882886	31.352297	-56.599999	
0.024889	1.004894	31.565089	-56.237925	
0.027786	1.128592	31.750839	-55.831430	
0.030457	1.254299	31.909155	-55.380759	
0.032687	1.382363	32.039663	-54.886155	
0.034223	1.513165	32.141998	-54.347849	
0.034772	1.647120	32.215805	-53.766053	
0.033997	1.784683	32.260732	-53.140948	
0.031517	1.926349	32.276424	-52.472672	
0.026910	2.072652	32.262517	-51.761312	
0.019713	2.224165	32.218635	-51.006889	
0.009432	2.381501	32.144378	-50.209354	
-0.004450	2.545303	32.039322	-49.368572	
-0.022461	2.716240	31.903007	-48.484317	
-0.045121	2.894995	31.734938	-47.556271	
-0.072916	3.082253	31.534578	-46.584015	
-0.106273	3.278681	31.301342	-45.567036	
-0.145522	3.484905	31.034604	-44.504734	
-0.190854	3.701484	30.733694	-43.396433	
-0.242269	3.928873	30.397905	-42.241406	
-0.299519	4.167388	30.026502	-41.038902	
-0.362045	4.417157	29.618741	-39.788191	
-0.428900	4.678070	29.173882	-38.488611	
-0.498673	4.949723	28.691220	-37.139636	
-0.569403	5.231354	28.170119	-35.740956	
-0.638490	5.521780	27.610050	-34.292566	
-0.702609	5.819326	27.010643	-32.794880	
-0.757623	6.121756	26.371746	-31.248851	
-0.798502	6.426207	25.693488	-29.656111	
-0.819259	6.729130	24.976356	-28.019120	
-0.812899	7.026237	24.221275	-26.341327	
-0.771396	7.312463	23.429699	-24.627335	
-0.685710	7.581955	22.603698	-22.883071	
-0.545845	7.828086	21.746054	-21.115937	
-0.340961	8.043502	20.860343	-19.334957	
-0.059563	8.220217	19.951019	-17.550882	
0.310229	8.349769	19.023467	-15.776251	
0.780316	8.423434	18.084042	-14.025386	
1.362140	8.432524	17.140056	-12.314284	
2.066071	8.368770	16.199712	-10.660378	
2.900665	8.224811	15.271954	-9.082119	
3.871754	7.994792	14.366181	-7.598263	
4.981376	7.675088	13.491656	-6.226539	
6.226537	7.265119	12.656466	-4.981379	
7.598262	6.767919	11.866548	-3.871759	
9.082119	6.189835	11.125480	-2.900673	
10.660380	5.539333	10.434846	-2.066082	
12.314285	4.825771	9.794671	-1.362154	
14.025388	4.058655	9.203759	-0.780334	
15.776254	3.247215	8.660008	-0.310251	
17.550884	2.400136	8.160666	0.059537	
19.334959	1.525386	7.702556	0.340929	
21.115939	0.630116	7.282259	0.545809	
22.883073	-0.279373	6.896265	0.685669	
24.627337	-1.197637	6.541089	0.771349	
26.341329	-2.120052	6.213363	0.812848	
28.019122	-3.042764	5.909898	0.819204	
29.656113	-3.962623	5.627733	0.798444	
31.248853	-4.877104	5.364162	0.757563	
32.794881	-5.784236	5.116746	0.702550	
34.292567	-6.682516	4.883318	0.638433	
35.740956	-7.570837	4.661976	0.569353	
37.139637	-8.448416	4.451069	0.498633	
38.488611	-9.314729	4.249182	0.428875	
39.788191	-10.169450	4.055114	0.362040	
41.038903	-11.012400	3.867859	0.299541	
42.241406	-11.843502	3.686578	0.242325	
43.396433	-12.662741	3.510584	0.190952	
44.504734	-13.470132	3.339312	0.145672	
45.567036	-14.265697	3.172309	0.106483	
46.584015	-15.049442	3.009204	0.073196	
47.556271	-15.821338	2.849702	0.045481	
48.484317	-16.581317	2.693563	0.022912	
49.368571	-17.329259	2.540590	0.005000	
50.209354	-18.064986	2.390619	-0.008775	
51.006889	-18.788267	2.243509	-0.018942	
51.761312	-19.498809	2.099136	-0.026022	
52.472672	-20.196265	1.957384	-0.030514	
53.140948	-20.880235	1.818145	-0.032883	
53.766053	-21.550269	1.681308	-0.033559	
54.347849	-22.205874	1.546765	-0.032931	
54.886155	-22.846516	1.414401	-0.031344	
55.380759	-23.471629	1.284101	-0.029103	
55.831430	-24.080616	1.155741	-0.026473	
56.237925	-24.672860	1.029194	-0.023682	
56.599999	-25.247724	0.904329	-0.020924	
56.917415	-25.804560	0.781008	-0.018365	
57.189949	-26.342713	0.659090	-0.016140	
57.417397	-26.861524	0.538429	-0.014363	
57.599580	-27.360337	0.418874	-0.013128	
57.736352	-27.838501	0.300271	-0.012509	
57.827598	-28.295377	0.182460	-0.012561	
57.873240	-28.730335	0.065276	-0.013326	
57.873240	-29.142765	-0.051451	-0.014827	
57.827598	-29.532073	-0.167903	-0.017071	
57.736352	-29.897687	-0.284268	-0.020045	
57.599580	-30.239057	-0.400749	-0.023714	
57.417397	-30.555657	-0.517563	-0.028016	
57.189949	-30.846985	-0.634946	-0.032860	
56.917415	-31.112564	-0.753158	-0.038117	
56.599999	-31.351941	-0.872483	-0.043616	
56.237925	-31.564685	-0.993240	-0.049140	
55.831430	-31.750390	-1.115781	-0.054412	
55.380759	-31.908665	-1.240501	-0.059096	
54.886155	-32.039139	-1.367839	-0.062784	
54.347849	-32.141452	-1.498286	-0.064995	
53.766053	-32.215252	-1.632387	-0.065169	
53.140948	-32.260193	-1.770741	-0.062662	
52.472672	-32.275924	-1.914009	-0.056751	
51.761312	-32.262090	-2.062907	-0.046634	
51.006889	-32.218319	-2.218207	-0.031438	
50.209354	-32.144221	-2.380729	-0.010237	
49.368571	-32.039377	-2.551333	0.017934	
48.484317	-31.903339	-2.730903	0.054049	
47.556271	-31.735618	-2.920330	0.099053	
46.584015	-31.535682	-3.120485	0.153814	
45.567036	-31.302957	-3.332189	0.219073	
44.504734	-31.036819	-3.556170	0.295361	
43.396433	-30.736602	-3.793019	0.382928	
42.241406	-30.401599	-4.043134	0.481635	
41.038902	-30.031072	-4.306650	0.590851	
39.788191	-29.624267	-4.583370	0.709318	
38.488611	-29.180430	-4.872679	0.835022	
37.139636	-28.698835	-5.173456	0.965036	
35.740956	-28.178816	-5.483971	1.095364	
34.292566	-27.619805	-5.801789	1.220777	
32.794880	-27.021382	-6.123658	1.334650	
31.248852	-26.383329	-6.445414	1.428806	
29.656112	-25.705700	-6.761878	1.493375	
28.019121	-24.988891	-7.066777	1.516682	
26.341327	-24.233719	-7.352673	1.485170	
24.627336	-23.441517	-7.610934	1.383381	
22.883071	-22.614216	-7.831732	1.194001	
21.115937	-21.754445	-8.004092	0.898010	
19.334957	-20.865615	-8.116015	0.474927	
17.550882	-19.952003	-8.154662	-0.096795	
15.776252	-19.018814	-8.106647	-0.839211	
14.025386	-18.072219	-7.958432	-1.774147	
12.314284	-17.119356	-7.696853	-2.922233	
10.660378	-16.168270	-7.309789	-4.301697	
9.082118	-15.227771	-6.787003	-5.926884	
7.598262	-14.307170	-6.121152	-7.806490	
6.226537	-13.415698	-5.308993	-9.941476	
4.981378	-12.561484	-4.352760	-12.322669	
3.871757	-11.750607	-3.261102	-14.929032	
2.900670	-10.986877	-2.048340	-17.729053	
2.066078	-10.272193	-0.731998	-20.685513	
1.362149	-9.606938	0.669664	-23.760290	
0.780328	-8.990296	2.139038	-26.917041	
0.310244	-8.420537	3.659837	-30.122466	
-0.059544	-7.895265	5.217480	-33.346977	
-0.340938	-7.411627	6.799263	-36.564970	
-0.545818	-6.966489	8.394404	-39.754849	
-0.685679	-6.556582	9.993995	-42.898859	
-0.771360	-6.178617	11.590889	-45.982813	
-0.812859	-5.829379	13.179543	-48.995739	
-0.819216	-5.505788	14.755845	-51.929494	
-0.798455	-5.204954	16.316925	-54.778361	
-0.757573	-4.924201	17.860963	-57.538653	
-0.702558	-4.661094	19.387004	-60.208337	
-0.638439	-4.413438	20.894790	-62.786685	
-0.569355	-4.179280	22.384591	-65.273955	
-0.498631	-3.956901	23.857067	-67.671118	
-0.428867	-3.744800	25.313137	-69.979614	
-0.362024	-3.541679	26.753866	-72.201151	
-0.299515	-3.346427	28.180369	-74.337534	
-0.242288	-3.158093	29.593731	-76.390538	
-0.190902	-2.975874	30.994940	-78.361800	
-0.145607	-2.799091	32.384830	-80.252742	
-0.106401	-2.627170	33.764041	-82.064527	
-0.073096	-2.459630	35.132982	-83.798016	
-0.045361	-2.296059	36.491809	-85.453768	
-0.022770	-2.136109	37.840408	-87.032027	
-0.004836	-1.979476	39.178384	-88.532744	
0.008961	-1.825894	40.505056	-89.955596	
0.019150	-1.675125	41.819459	-91.300013	
0.026250	-1.526947	43.120349	-92.565211	
0.030758	-1.381157	44.406210	-93.750232	
0.033139	-1.237555	45.675269	-94.853979	
0.033820	-1.095949	46.925512	-95.875257	
0.033187	-0.956147	48.154700	-96.812813	
0.031583	-0.817955	49.360395	-97.665370	
0.029311	-0.681180	50.539980	-98.431666	
0.026631	-0.545622	51.690690	-99.110485	
0.023769	-0.411080	52.809637	-99.700688	
0.020915	-0.277348	53.893845	-100.201239	
0.018230	-0.144213	54.940277	-100.611231	
0.015847	-0.011461	55.945871	-100.929902	
0.013876	0.121129	56.907573	-101.156653	
0.012406	0.253781	57.822369	-101.291061	
0.011510	0.386726	58.687319	-101.332884	
0.011242	0.520201	59.499588	-101.282071	
0.011643	0.654448	60.256474	-101.138757	
0.012737	0.789720	60.955439	-100.903264	
0.014536	0.926277	61.594130	-100.576096	
0.017032	1.064394	62.170401	-100.157927	
0.020200	1.204361	62.682332	-99.649591	
0.023991	1.346484	63.128239	-99.052071	
0.028333	1.491094	63.506684	-98.366476	
0.033119	1.638547	63.816483	-97.594029	
0.038208	1.789232	64.056701	-96.736043	
0.043417	1.943574	64.226650	-95.793902	
0.048511	2.102040	64.325882	-94.769037	
0.053204	2.265147	64.354176	-93.662907	
0.057145	2.433467	64.311519	-92.476971	
0.059916	2.607628	64.198096	-91.212670	
0.061028	2.788330	64.014261	-89.871404	
0.059916	2.976339	63.760519	-88.454512	
0.055937	3.172497	63.437499	-86.963250	
0.048376	3.377719	63.045934	-85.398783	
0.036446	3.592999	62.586633	-83.762166	
0.019303	3.819400	62.060462	-82.054335	
-0.003940	4.058050	61.468319	-80.276109	
-0.034193	4.310133	60.811118	-78.428188	
-0.072354	4.576868	60.089771	-76.511163	
-0.119274	4.859490	59.305182	-74.525535	
-0.175706	5.159221	58.458235	-72.471742	
-0.242243	5.477229	57.549799	-70.350192	
-0.319247	5.814585	56.580731	-68.161320	
-0.406767	6.172209	55.551890	-65.905642	
-0.504434	6.550801	54.464163	-63.583836	
-0.611356	6.950767	53.318490	-61.196830	
-0.725986	7.372136	52.115906	-58.745908	
-0.845997	7.814460	50.857593	-56.232831	
-0.968127	8.276712	49.544930	-53.659972	
-1.088034	8.757173	48.179568	-51.030464	
-1.200139	9.253316	46.763501	-48.348359	
-1.297481	9.761686	45.299149	-45.618796	
-1.371572	10.277786	43.789442	-42.848169	
-1.412283	10.795970	42.237914	-40.044296	
-1.407755	11.309349	40.648786	-37.216574	
-1.344354	11.809726	39.027047	-34.376114	
-1.206683	12.287563	37.378532	-31.535841	
-0.977677	12.731994	35.709966	-28.710552	
-0.638789	13.130898	34.028995	-25.916900	
-0.170290	13.471047	32.344179	-23.173306	
0.448279	13.738351	30.664931	-20.499754	
1.237501	13.918210	29.001408	-17.917461	
2.217275	13.995994	27.364324	-15.448383	
3.405799	13.957687	25.764670	-13.114539	
4.818306	13.790689	24.213337	-10.937108	
6.465534	13.484816	22.720602	-8.935257	
8.351917	13.033515	21.295407	-7.124555	
10.473477	12.435222	19.944479	-5.514984	
12.816185	11.694319	18.671818	-4.109528	
15.356702	10.820650	17.478940	-2.904390	
18.065848	9.827601	16.365467	-1.890395	
20.912315	8.730125	15.329579	-1.054535	
23.864936	7.543509	14.368358	-0.381274	
26.893940	6.282663	13.478082	0.146375	
29.971749	4.961648	12.654481	0.545979	
33.073456	3.593360	11.892957	0.834998	
36.177067	2.189348	11.188756	1.030269	
39.263575	0.759728	10.537120	1.147620	
42.316899	-0.686838	9.933395	1.201612	
45.323737	-2.143098	9.373114	1.205381	
48.273349	-3.603135	8.852068	1.170562	
51.157312	-5.062264	8.366334	1.107273	
53.969235	-6.516904	7.912310	1.024155	
56.704492	-7.964454	7.486719	0.928447	
59.359936	-9.403155	7.086607	0.826090	
61.933643	-10.831957	6.709340	0.721840	
64.424664	-12.250396	6.352579	0.619402	
66.832804	-13.658473	6.014265	0.521556	
69.158429	-15.056542	5.692596	0.430287	
71.402286	-16.445217	5.385998	0.346913	
73.565362	-17.825277	5.093104	0.272193	
75.648761	-19.197590	4.812726	0.206441	
77.653600	-20.563048	4.543834	0.149615	
79.580934	-21.922502	4.285530	0.101406	
81.431695	-23.276720	4.037029	0.061305	
83.206648	-24.626339	3.797642	0.028672	
84.906363	-25.971834	3.566756	0.002782	
86.531200	-27.313492	3.343822	-0.017132	
88.081303	-28.651383	3.128340	-0.031842	
89.556604	-29.985354	2.919852	-0.042103	
90.956833	-31.315007	2.717929	-0.048632	
92.281538	-32.639696	2.522164	-0.052093	
93.530099	-33.958526	2.332169	-0.053092	
94.701760	-35.270345	2.147567	-0.052169	
95.795651	-36.573756	1.967991	-0.049798	
96.810815	-37.867118	1.793078	-0.046387	
97.746237	-39.148556	1.622470	-0.042280	
98.600874	-40.415977	1.455810	-0.037763	
99.373676	-41.667083	1.292743	-0.033070	
100.063621	-42.899391	1.132915	-0.028384	
100.669729	-44.110254	0.975973	-0.023847	
101.191095	-45.296882	0.821561	-0.019564	
101.626901	-46.456374	0.669327	-0.015612	
101.976438	-47.585739	0.518917	-0.012039	
102.239120	-48.681929	0.369977	-0.008876	
102.414497	-49.741868	0.222153	-0.006136	
102.502262	-50.762482	0.075092	-0.003821	
102.502262	-51.740732	-0.071563	-0.001926	
102.414497	-52.673637	-0.218169	-0.000441	
102.239120	-53.558312	-0.365086	0.000649	
101.976438	-54.391985	-0.512678	0.001358	
101.626901	-55.172026	-0.661316	0.001700	
101.191095	-55.895968	-0.811379	0.001688	
100.669729	-56.561523	-0.963256	0.001330	
100.063621	-57.166593	-1.117349	0.000637	
99.373676	-57.709287	-1.274076	-0.000385	
98.600874	-58.187919	-1.433878	-0.001730	
97.746237	-58.601009	-1.597217	-0.003391	
96.810815	-58.947286	-1.764586	-0.005358	
95.795651	-59.225673	-1.936511	-0.007617	
94.701760	-59.435280	-2.113555	-0.010147	
93.530099	-59.575385	-2.296326	-0.012917	
92.281538	-59.645419	-2.485482	-0.015883	
90.956833	-59.644943	-2.681731	-0.018985	
89.556604	-59.573628	-2.885843	-0.022141	
88.081303	-59.431228	-3.098648	-0.025246	
86.531200	-59.217558	-3.321042	-0.028167	
84.906363	-58.932473	-3.553988	-0.030738	
83.206647	-58.575843	-3.798514	-0.032756	
81.431695	-58.147539	-4.055715	-0.033983	
79.580934	-57.647416	-4.326743	-0.034136	
77.653600	-57.075309	-4.612802	-0.032891	
75.648761	-56.431027	-4.915135	-0.029880	
73.565362	-55.714364	-5.235004	-0.024696	
71.402286	-54.925114	-5.573671	-0.016894	
69.158429	-54.063097	-5.932371	-0.005998	
66.832805	-53.128202	-6.312274	0.008484	
64.424664	-52.120438	-6.714443	0.027054	
61.933644	-51.040002	-7.139789	0.050197	
59.359937	-49.887363	-7.589015	0.078361	
56.704493	-48.663357	-8.062548	0.111929	
53.969237	-47.369300	-8.560472	0.151178	
51.157313	-46.007118	-9.082452	0.196240	
48.273351	-44.579480	-9.627653	0.247048	
45.323739	-43.089949	-10.194658	0.303284	
42.316901	-41.543133	-10.781382	0.364307	
39.263578	-39.944836	-11.384998	0.429089	
36.177070	-38.302199	-12.001862	0.496133	
33.073459	-36.623826	-12.627461	0.563391	
29.971752	-34.919874	-13.256377	0.628183	
26.893943	-33.202101	-13.882279	0.687110	
23.864939	-31.483841	-14.497957	0.735975	
20.912318	-29.779900	-15.095403	0.769710	
18.065850	-28.106318	-15.665955	0.782314	
15.356703	-26.479971	-16.200509	0.766819	
12.816185	-24.917934	-16.689829	0.715275	
10.473477	-23.436318	-17.124952	0.618775	
8.351915	-22.048409	-17.497635	0.467528	
6.465530	-20.762989	-17.800628	0.250985	
4.818299	-19.584058	-18.027661	-0.041955	
3.405789	-18.511640	-18.173310	-0.422668	
2.217261	-17.542738	-18.232946	-0.902418	
1.237483	-16.672120	-18.202781	-1.491866	
0.448257	-15.893000	-18.080010	-2.200452	
-0.170317	-15.197604	-17.863047	-3.035633	
-0.638821	-14.577636	-17.551867	-4.001974	
-0.977716	-14.024651	-17.148441	-5.100080	
-1.206727	-13.530345	-16.657219	-6.325494	
-1.344404	-13.086778	-16.085319	-7.668206	
-1.407812	-12.686523	-15.442046	-9.113542	
-1.412345	-12.322780	-14.737857	-10.644173	
-1.371638	-11.989426	-13.983406	-12.242008	
-1.297550	-11.681048	-13.188956	-13.889351	
-1.200210	-11.392936	-12.364055	-15.569553	
-1.088103	-11.121063	-11.517352	-17.267399	
-0.968191	-10.862041	-10.656499	-18.969318	
-0.846053	-10.613075	-9.788131	-20.663461	
-0.726028	-10.371902	-8.917875	-22.339701	
-0.611378	-10.136737	-8.050411	-23.989555	
-0.504431	-9.906207	-7.189539	-25.606078	
-0.406730	-9.679295	-6.338266	-27.183718	
-0.319167	-9.455283	-5.498906	-28.718161	
-0.242110	-9.233698	-4.673166	-30.206169	
-0.175510	-9.014267	-3.862245	-31.645425	
-0.119004	-8.796872	-3.066923	-33.034376	
-0.071997	-8.581514	-2.287639	-34.372092	
-0.033738	-8.368280	-1.524570	-35.658138	
-0.003376	-8.157319	-0.777694	-36.892456	
0.019988	-7.948813	-0.046849	-38.075269	
0.037259	-7.742965	0.668220	-39.206995	
0.049323	-7.539980	1.367817	-40.288171	
0.057022	-7.340056	2.052265	-41.319399	
0.061135	-7.143376	2.721875	-42.301302	
0.062374	-6.950101	3.376930	-43.234482	
0.061372	-6.760368	4.017669	-44.119501	
0.058684	-6.574287	4.644274	-44.956862	
0.054790	-6.391940	5.256867	-45.746995	
0.050093	-6.213383	5.855505	-46.490259	
0.044928	-6.038646	6.440181	-47.186937	
0.039566	-5.867736	7.010823	-47.837244	
0.034221	-5.700638	7.567302	-48.441329	
0.029057	-5.537320	8.109433	-48.999287	
0.024192	-5.377731	8.636983	-49.511171	
0.019708	-5.221809	9.149675	-49.976997	
0.015658	-5.069480	9.647197	-50.396758	
0.012065	-4.920658	10.129204	-50.770437	
0.008935	-4.775254	10.595331	-51.098013	
0.006259	-4.633173	11.045194	-51.379473	
0.004013	-4.494315	11.478397	-51.614819	
0.002166	-4.358578	11.894538	-51.804076	
0.000685	-4.225860	12.293214	-51.947299	
-0.000472	-4.096059	12.674024	-52.044572	
-0.001343	-3.969072	13.036573	-52.096018	
-0.001968	-3.844800	13.380472	-52.101793	
-0.002386	-3.723141	13.705344	-52.062087	
-0.002631	-3.604000	14.010822	-51.977124	
-0.002736	-3.487279	14.296548	-51.847153	
-0.002732	-3.372885	14.562174	-51.672442	
-0.002642	-3.260725	14.807356	-51.453269	
-0.002491	-3.150709	15.031755	-51.189909	
-0.002298	-3.042748	15.235028	-50.882625	
-0.002078	-2.936752	15.416823	-50.531646	
-0.001844	-2.832634	15.576774	-50.137152	
-0.001608	-2.730309	15.714489	-49.699258	
-0.001376	-2.629690	15.829545	-49.217988	
-0.001156	-2.530692	15.921474	-48.693254	
-0.000951	-2.433230	15.989755	-48.124837	
-0.000764	-2.337222	16.033802	-47.512361	
-0.000597	-2.242585	16.052953	-46.855273	
-0.000450	-2.149238	16.046459	-46.152823	
-0.000324	-2.057103	16.013478	-45.404052	
-0.000217	-1.966106	15.953064	-44.607773	
-0.000128	-1.876176	15.864164	-43.762575	
-0.000056	-1.787248	15.745618	-42.866820	
0.000000	-1.699267	15.596164	-41.918663	
0.000044	-1.612185	15.414445	-40.916075	
0.000076	-1.525966	15.199029	-39.856889	
0.000098	-1.440590	14.948435	-38.738858	
0.000112	-1.356052	14.661168	-37.559742	
0.000119	-1.272370	14.335767	-36.317407	
0.000121	-1.189581	13.970869	-35.009958	
0.000118	-1.107753	13.565278	-33.635899	
0.000113	-1.026979	13.118057	-32.194313	
0.000105	-0.947387	12.628634	-30.685083	
0.000096	-0.869139	12.096918	-29.109127	
0.000086	-0.792431	11.523433	-27.468668	
0.000075	-0.717499	10.909464	-25.767519	
0.000065	-0.644614	10.257209	-24.011373	
0.000055	-0.574081	9.569934	-22.208105	
0.000046	-0.506236	8.852125	-20.368043	
0.000037	-0.441440	8.109623	-18.504207	
0.000030	-0.380066	7.349732	-16.632473	
0.000023	-0.322490	6.581271	-14.771631	
0.000017	-0.269072	5.814554	-12.943263	
0.000012	-0.220134	5.061243	-11.171368	
0.000007	-0.175936	4.334008	-9.481576	
0.000004	-0.136642	3.645703	-7.899392	
0.000001	-0.102285	3.007818	-6.446973	
-0.000001	-0.072761	2.428854	-5.139868	
-0.000003	-0.047834	1.913749	-3.985950	
-0.000004	-0.027173	1.464295	-2.986431	
-0.000005	-0.010385	1.079800	-2.137333	
-0.000006	0.002962	0.757660	-1.430765	
-0.000006	0.013315	0.493850	-0.856018	
-0.000006	0.021120	0.283342	-0.400468	
-0.000006	0.026806	0.120442	-0.050323	
-0.000006	0.030777	-0.000937	0.208788	