-0.658498	0.356901	0.022146	0.000004	
-0.473196	0.268508	0.019765	0.000004	
-0.211965	0.142147	0.015850	0.000004	
0.137719	-0.028618	0.010090	0.000004	
0.588598	-0.250378	0.002160	0.000004	
1.153173	-0.529655	-0.008281	0.000003	
1.843117	-0.872614	-0.021573	0.000003	
2.668554	-1.284703	-0.038045	0.000002	
3.637164	-1.770211	-0.057995	0.000000	
4.753130	-2.331740	-0.081671	-0.000002	
6.015892	-2.969580	-0.109243	-0.000004	
7.419160	-3.681211	-0.140783	-0.000007	
8.951254	-4.461458	-0.176243	-0.000010	
10.596992	-5.303407	-0.215480	-0.000014	
12.339732	-6.199405	-0.258268	-0.000019	
14.162629	-7.141665	-0.304334	-0.000025	
16.049330	-8.122599	-0.353376	-0.000031	
17.984428	-9.135033	-0.405076	-0.000037	
19.953742	-10.172349	-0.459122	-0.000045	
21.944474	-11.228549	-0.515209	-0.000052	
23.945271	-12.298298	-0.573055	-0.000060	
25.946212	-13.376914	-0.632400	-0.000068	
27.938754	-14.460342	-0.693012	-0.000075	
29.915633	-15.545114	-0.754689	-0.000082	
31.870748	-16.628294	-0.817259	-0.000087	
33.799028	-17.707414	-0.880577	-0.000090	
35.696299	-18.780413	-0.944527	-0.000091	
37.559143	-19.845571	-1.009019	-0.000088	
39.384773	-20.901451	-1.073986	-0.000080	
41.170910	-21.946839	-1.139381	-0.000067	
42.915671	-22.980690	-1.205176	-0.000047	
44.617472	-24.002084	-1.271358	-0.000019	
46.274941	-25.010179	-1.337930	0.000018	
47.886849	-26.004183	-1.404904	0.000066	
49.452047	-26.983316	-1.472301	0.000125	
50.969418	-27.946793	-1.540151	0.000198	
52.437841	-28.893798	-1.608486	0.000285	
53.856164	-29.823475	-1.677347	0.000386	
55.223186	-30.734916	-1.746773	0.000503	
56.537647	-31.627152	-1.816809	0.000636	
57.798222	-32.499155	-1.887497	0.000782	
59.003525	-33.349835	-1.958882	0.000942	
60.152117	-34.178042	-2.031006	0.001111	
61.242513	-34.982574	-2.103913	0.001288	
62.273196	-35.762180	-2.177642	0.001465	
63.242633	-36.515568	-2.252234	0.001637	
64.149290	-37.241417	-2.327725	0.001794	
64.991649	-37.938384	-2.404151	0.001926	
65.768228	-38.605115	-2.481544	0.002020	
66.477592	-39.240258	-2.559937	0.002060	
67.118375	-39.842471	-2.639357	0.002029	
67.689295	-40.410436	-2.719831	0.001904	
68.189166	-40.942870	-2.801384	0.001664	
68.616911	-41.438533	-2.884039	0.001283	
68.971577	-41.896242	-2.967818	0.000733	
69.252343	-42.314880	-3.052740	-0.000015	
69.458526	-42.693405	-3.138825	-0.000992	
69.589592	-43.030856	-3.226094	-0.002226	
69.645157	-43.326368	-3.314566	-0.003745	
69.624995	-43.579170	-3.404264	-0.005577	
69.529031	-43.788596	-3.495212	-0.007740	
69.357348	-43.954087	-3.587440	-0.010247	
69.110180	-44.075197	-3.680983	-0.013102	
68.787912	-44.151588	-3.775883	-0.016294	
68.391067	-44.183040	-3.872192	-0.019796	
67.920306	-44.169443	-3.969975	-0.023559	
67.376417	-44.110795	-4.069309	-0.027510	
66.760302	-44.007203	-4.170291	-0.031544	
66.072969	-43.858874	-4.273037	-0.035522	
65.315517	-43.666111	-4.377686	-0.039265	
64.489126	-43.429304	-4.484403	-0.042548	
63.595043	-43.148925	-4.593381	-0.045096	
62.634567	-42.825517	-4.704847	-0.046581	
61.609036	-42.459688	-4.819060	-0.046617	
60.519817	-42.052099	-4.936312	-0.044761	
59.368292	-41.603455	-5.056933	-0.040510	
58.155851	-41.114500	-5.181286	-0.033306	
56.883883	-40.586007	-5.309765	-0.022541	
55.553773	-40.018769	-5.442793	-0.007567	
54.166904	-39.413600	-5.580811	0.012290	
52.724657	-38.771328	-5.724271	0.037710	
51.228426	-38.092795	-5.873622	0.069356	
49.679631	-37.378861	-6.029290	0.107836	
48.079745	-36.630411	-6.191662	0.153668	
46.430322	-35.848361	-6.361051	0.207225	
44.733037	-35.033678	-6.537673	0.268679	
42.989739	-34.187393	-6.721603	0.337934	
41.202507	-33.310627	-6.912734	0.414545	
39.373717	-32.404620	-7.110728	0.497630	
37.506124	-31.470762	-7.314961	0.585773	
35.602944	-30.510631	-7.524466	0.676921	
33.667950	-29.526036	-7.737863	0.768269	
31.705567	-28.519058	-7.953302	0.856148	
29.720978	-27.492099	-8.168388	0.935910	
27.720221	-26.447926	-8.380121	1.001818	
25.710280	-25.389716	-8.584834	1.046948	
23.699169	-24.321094	-8.778140	1.063111	
21.695991	-23.246168	-8.954897	1.040798	
19.710970	-22.169540	-9.109189	0.969166	
17.755444	-21.096314	-9.234334	0.836076	
15.841801	-20.032071	-9.322923	0.628188	
13.983358	-18.982820	-9.366909	0.331144	
12.194149	-17.954904	-9.357739	-0.070162	
10.488613	-16.954874	-9.286555	-0.591190	
8.881163	-15.989290	-9.144463	-1.247235	
7.385598	-15.064466	-8.922889	-2.052752	
6.014315	-14.186111	-8.614031	-3.020504	
4.777211	-13.358826	-8.211420	-4.160531	
3.680339	-12.585484	-7.710586	-5.478904	
2.725004	-11.866835	-7.109865	-6.976265	
1.907972	-11.201697	-6.411301	-8.646143	
1.222438	-10.587546	-5.621279	-10.473738	
0.659077	-10.021124	-4.750017	-12.436876	
0.206925	-9.498816	-3.809877	-14.509331	
-0.145898	-9.016858	-2.813680	-16.664176	
-0.411597	-8.571472	-1.773770	-18.875673	
-0.602245	-8.158973	-0.701554	-21.120177	
-0.729442	-7.775843	0.392744	-23.376615	
-0.804055	-7.418789	1.500196	-25.626706	
-0.836053	-7.084777	2.613198	-27.854986	
-0.834409	-6.771055	3.725429	-30.048710	
-0.807044	-6.475156	4.831775	-32.197673	
-0.760834	-6.194897	5.928218	-34.293973	
-0.701634	-5.928369	7.011715	-36.331750	
-0.634336	-5.673921	8.080071	-38.306908	
-0.562941	-5.430135	9.131808	-40.216841	
-0.490642	-5.195811	10.166042	-42.060176	
-0.419913	-4.969939	11.182368	-43.836522	
-0.352601	-4.751675	12.180750	-45.546257	
-0.290015	-4.540321	13.161427	-47.190325	
-0.233010	-4.335301	14.124834	-48.770069	
-0.182066	-4.136142	15.071526	-50.287082	
-0.137362	-3.942455	16.002118	-51.743090	
-0.098842	-3.753918	16.917239	-53.139854	
-0.066269	-3.570264	17.817489	-54.479088	
-0.039275	-3.391265	18.703411	-55.762406	
-0.017407	-3.216723	19.575468	-56.991278	
-0.000155	-3.046465	20.434023	-58.167001	
0.013013	-2.880328	21.279336	-59.290684	
0.022635	-2.718160	22.111550	-60.363241	
0.029232	-2.559813	22.930699	-61.385396	
0.033300	-2.405139	23.736698	-62.357682	
0.035297	-2.253988	24.529360	-63.280465	
0.035641	-2.106209	25.308390	-64.153948	
0.034708	-1.961644	26.073400	-64.978199	
0.032825	-1.820134	26.823914	-65.753162	
0.030279	-1.681512	27.559379	-66.478681	
0.027314	-1.545609	28.279170	-67.154519	
0.024136	-1.412253	28.982602	-67.780374	
0.020915	-1.281266	29.668941	-68.355902	
0.017791	-1.152471	30.337407	-68.880727	
0.014878	-1.025688	30.987187	-69.354462	
0.012267	-0.900736	31.617444	-69.776720	
0.010028	-0.777433	32.227320	-70.147129	
0.008218	-0.655598	32.815948	-70.465338	
0.006878	-0.535050	33.382456	-70.731031	
0.006040	-0.415607	33.925976	-70.943932	
0.005726	-0.297089	34.445648	-71.103814	
0.005951	-0.179313	34.940627	-71.210501	
0.006721	-0.062096	35.410089	-71.263875	
0.008035	0.054747	35.853232	-71.263875	
0.009884	0.171406	36.269283	-71.210501	
0.012245	0.288077	36.657503	-71.103814	
0.015086	0.404962	37.017187	-70.943932	
0.018357	0.522277	37.347668	-70.731031	
0.021988	0.640248	37.648317	-70.465338	
0.025886	0.759119	37.918545	-70.147129	
0.029931	0.879154	38.157804	-69.776720	
0.033968	1.000639	38.365584	-69.354462	
0.037805	1.123890	38.541410	-68.880727	
0.041205	1.249254	38.684842	-68.355902	
0.043885	1.377113	38.795469	-67.780374	
0.045509	1.507888	38.872904	-67.154519	
0.045685	1.642042	38.916776	-66.478681	
0.043965	1.780084	38.926724	-65.753162	
0.039844	1.922568	38.902388	-64.978199	
0.032759	2.070095	38.843399	-64.153948	
0.022103	2.223307	38.749367	-63.280465	
0.007227	2.382891	38.619874	-62.357682	
-0.012545	2.549564	38.454457	-61.385396	
-0.037892	2.724067	38.252602	-60.363242	
-0.069476	2.907148	38.013729	-59.290684	
-0.107906	3.099549	37.737183	-58.167001	
-0.153696	3.301976	37.422230	-56.991278	
-0.207220	3.515071	37.068046	-55.762406	
-0.268650	3.739379	36.673717	-54.479088	
-0.337887	3.975304	36.238245	-53.139854	
-0.414485	4.223059	35.760549	-51.743090	
-0.497563	4.482612	35.239488	-50.287081	
-0.585702	4.753619	34.673875	-48.770068	
-0.676849	5.035361	34.062517	-47.190325	
-0.768199	5.326663	33.404253	-45.546256	
-0.856082	5.625817	32.698010	-43.836521	
-0.935849	5.930507	31.942869	-42.060174	
-1.001762	6.237721	31.138151	-40.216840	
-1.046898	6.543682	30.283505	-38.306906	
-1.063067	6.843777	29.379024	-36.331748	
-1.040760	7.132509	28.425364	-34.293970	
-0.969134	7.403462	27.423882	-32.197669	
-0.836050	7.649300	26.376776	-30.048706	
-0.628167	7.861801	25.287239	-27.854982	
-0.331127	8.031936	24.159603	-25.626702	
0.070175	8.150013	22.999478	-23.376611	
0.591199	8.205880	21.813873	-21.120173	
1.247242	8.189229	20.611275	-18.875670	
2.052756	8.089978	19.401676	-16.664173	
3.020506	7.898776	18.196515	-14.509328	
4.160532	7.607631	17.008489	-12.436875	
5.478903	7.210668	15.851169	-10.473738	
6.976263	6.705045	14.738118	-8.646145	
8.646140	6.091976	13.681311	-6.976269	
10.473735	5.377433	12.689575	-5.478911	
12.436873	4.571616	11.768167	-4.160542	
14.509328	3.687188	10.919289	-3.020519	
16.664173	2.737505	10.142742	-2.052771	
18.875670	1.735607	9.436481	-1.247260	
21.120174	0.693702	8.797091	-0.591221	
23.376612	-0.377132	8.220200	-0.070199	
25.626704	-1.467098	7.700824	0.331099	
27.854984	-2.567741	7.233651	0.628136	
30.048708	-3.671928	6.813269	0.836016	
32.197671	-4.773785	6.434347	0.969098	
34.293972	-5.868603	6.091769	1.040722	
36.331749	-6.952720	5.780731	1.063029	
38.306907	-8.023397	5.496805	1.046861	
40.216841	-9.078684	5.235979	1.001728	
42.060175	-10.117300	4.994676	0.935819	
43.836522	-11.138507	4.769749	0.856061	
45.546257	-12.141999	4.558472	0.768189	
47.190325	-13.127804	4.358513	0.676854	
48.770069	-14.096190	4.167909	0.585726	
50.287082	-15.047592	3.985029	0.497611	
51.743091	-15.982540	3.808539	0.414563	
53.139854	-16.901611	3.637364	0.338000	
54.479088	-17.805375	3.470654	0.268804	
55.762406	-18.694368	3.307751	0.207423	
56.991278	-19.569060	3.148152	0.153953	
58.167001	-20.429834	2.991484	0.108223	
59.290684	-21.276978	2.837478	0.069859	
60.363242	-22.110669	2.685942	0.038346	
61.385396	-22.930975	2.536747	0.013072	
62.357682	-23.737854	2.389805	-0.006625	
63.280465	-24.531152	2.245057	-0.021429	
64.153948	-25.310614	2.102462	-0.032018	
64.978199	-26.075885	1.961985	-0.039045	
65.753162	-26.826522	1.823595	-0.043124	
66.478681	-27.561998	1.687256	-0.044823	
67.154519	-28.281717	1.552922	-0.044655	
67.780374	-28.985014	1.420538	-0.043076	
68.355902	-29.671174	1.290037	-0.040488	
68.880727	-30.339432	1.161340	-0.037237	
69.354462	-30.988991	1.034355	-0.033618	
69.776720	-31.619021	0.908976	-0.029880	
70.147129	-32.228674	0.785089	-0.026227	
70.465338	-32.817089	0.662567	-0.022827	
70.731031	-33.383398	0.541275	-0.019812	
70.943932	-33.926736	0.421067	-0.017286	
71.103814	-34.446246	0.301792	-0.015328	
71.210501	-34.941081	0.183290	-0.013992	
71.263875	-35.410419	0.065392	-0.013316	
71.263875	-35.853456	-0.052076	-0.013316	
71.210501	-36.269420	-0.169297	-0.013992	
71.103814	-36.657568	-0.286464	-0.015328	
70.943932	-37.017196	-0.403781	-0.017286	
70.731031	-37.347632	-0.521463	-0.019812	
70.465338	-37.648249	-0.639741	-0.022827	
70.147129	-37.918454	-0.758862	-0.026227	
69.776720	-38.157699	-0.879097	-0.029880	
69.354462	-38.365471	-1.000737	-0.033618	
68.880727	-38.541294	-1.124104	-0.037237	
68.355902	-38.684728	-1.249550	-0.040488	
67.780374	-38.795360	-1.377462	-0.043076	
67.154519	-38.872802	-1.508267	-0.044655	
66.478681	-38.916683	-1.642433	-0.044823	
65.753162	-38.926640	-1.780471	-0.043124	
64.978199	-38.902314	-1.922940	-0.039045	
64.153948	-38.843335	-2.070443	-0.032018	
63.280465	-38.749313	-2.223628	-0.021429	
62.357682	-38.619829	-2.383180	-0.006625	
61.385396	-38.454420	-2.549819	0.013072	
60.363242	-38.252573	-2.724288	0.038346	
59.290684	-38.013706	-2.907337	0.069859	
58.167001	-37.737166	-3.099707	0.108223	
56.991278	-37.422218	-3.302105	0.153953	
55.762406	-37.068038	-3.515174	0.207423	
54.479088	-36.673713	-3.739459	0.268804	
53.139854	-36.238243	-3.975364	0.338000	
51.743090	-35.760550	-4.223102	0.414563	
50.287081	-35.239490	-4.482640	0.497611	
48.770068	-34.673878	-4.753635	0.585726	
47.190325	-34.062521	-5.035367	0.676854	
45.546256	-33.404258	-5.326661	0.768189	
43.836521	-32.698015	-5.625810	0.856061	
42.060174	-31.942875	-5.930496	0.935819	
40.216840	-31.138156	-6.237707	1.001728	
38.306906	-30.283510	-6.543666	1.046861	
36.331748	-29.379029	-6.843760	1.063029	
34.293970	-28.425368	-7.132491	1.040722	
32.197669	-27.423885	-7.403445	0.969098	
30.048706	-26.376779	-7.649284	0.836016	
27.854982	-25.287242	-7.861786	0.628136	
25.626702	-24.159605	-8.031923	0.331099	
23.376611	-22.999480	-8.150001	-0.070199	
21.120173	-21.813875	-8.205870	-0.591221	
18.875670	-20.611276	-8.189220	-1.247260	
16.664173	-19.401677	-8.089970	-2.052771	
14.509328	-18.196516	-7.898770	-3.020518	
12.436875	-17.008490	-7.607626	-4.160542	
10.473738	-15.851169	-7.210664	-5.478911	
8.646145	-14.738118	-6.705042	-6.976269	
6.976269	-13.681311	-6.091974	-8.646144	
5.478911	-12.689575	-5.377431	-10.473737	
4.160542	-11.768167	-4.571615	-12.436874	
3.020519	-10.919288	-3.687187	-14.509328	
2.052771	-10.142741	-2.737505	-16.664173	
1.247260	-9.436480	-1.735607	-18.875670	
0.591221	-8.797091	-0.693702	-21.120173	
0.070199	-8.220200	0.377131	-23.376611	
-0.331099	-7.700824	1.467097	-25.626702	
-0.628136	-7.233651	2.567740	-27.854982	
-0.836016	-6.813269	3.671927	-30.048706	
-0.969098	-6.434347	4.773784	-32.197669	
-1.040722	-6.091769	5.868602	-34.293970	
-1.063029	-5.780731	6.952719	-36.331748	
-1.046861	-5.496804	8.023396	-38.306906	
-1.001728	-5.235979	9.078684	-40.216840	
-0.935819	-4.994676	10.117300	-42.060174	
-0.856061	-4.769749	11.138506	-43.836521	
-0.768189	-4.558472	12.141999	-45.546256	
-0.676854	-4.358513	13.127803	-47.190325	
-0.585726	-4.167909	14.096190	-48.770068	
-0.497611	-3.985029	15.047591	-50.287081	
-0.414563	-3.808539	15.982540	-51.743090	
-0.338000	-3.637364	16.901611	-53.139854	
-0.268804	-3.470654	17.805375	-54.479088	
-0.207423	-3.307751	18.694368	-55.762406	
-0.153953	-3.148152	19.569060	-56.991278	
-0.108223	-2.991484	20.429834	-58.167001	
-0.069859	-2.837478	21.276978	-59.290684	
-0.038346	-2.685942	22.110669	-60.363242	
-0.013072	-2.536747	22.930975	-61.385396	
0.006625	-2.389805	23.737854	-62.357682	
0.021429	-2.245057	24.531152	-63.280465	
0.032018	-2.102462	25.310614	-64.153948	
0.039045	-1.961985	26.075885	-64.978199	
0.043124	-1.823595	26.826522	-65.753162	
0.044823	-1.687256	27.561999	-66.478681	
0.044655	-1.552922	28.281717	-67.154519	
0.043076	-1.420538	28.985014	-67.780374	
0.040488	-1.290037	29.671174	-68.355902	
0.037237	-1.161340	30.339433	-68.880727	
0.033618	-1.034355	30.988991	-69.354462	
0.029880	-0.908976	31.619021	-69.776720	
0.026227	-0.785089	32.228674	-70.147129	
0.022827	-0.662567	32.817089	-70.465338	
0.019812	-0.541275	33.383398	-70.731031	
0.017286	-0.421067	33.926736	-70.943932	
0.015328	-0.301792	34.446246	-71.103814	
0.013992	-0.183290	34.941081	-71.210501	
0.013316	-0.065392	35.410419	-71.263875	
0.013316	0.052076	35.853456	-71.263875	
0.013992	0.169297	36.269420	-71.210501	
0.015328	0.286464	36.657568	-71.103814	
0.017286	0.403781	37.017196	-70.943932	
0.019812	0.521463	37.347632	-70.731031	
0.022827	0.639741	37.648249	-70.465338	
0.026227	0.758862	37.918454	-70.147129	
0.029880	0.879097	38.157699	-69.776720	
0.033618	1.000737	38.365471	-69.354462	
0.037237	1.124104	38.541294	-68.880727	
0.040488	1.249550	38.684728	-68.355902	
0.043076	1.377462	38.795360	-67.780374	
0.044655	1.508267	38.872802	-67.154519	
0.044823	1.642433	38.916683	-66.478681	
0.043124	1.780471	38.926640	-65.753162	
0.039045	1.922940	38.902314	-64.978199	
0.032018	2.070443	38.843335	-64.153948	
0.021429	2.223628	38.749313	-63.280465	
0.006625	2.383180	38.619829	-62.357682	
-0.013072	2.549819	38.454420	-61.385396	
-0.038346	2.724288	38.252573	-60.363242	
-0.069859	2.907337	38.013706	-59.290684	
-0.108223	3.099707	37.737166	-58.167001	
-0.153953	3.302105	37.422218	-56.991278	
-0.207423	3.515174	37.068038	-55.762406	
-0.268804	3.739459	36.673713	-54.479088	
-0.338000	3.975364	36.238243	-53.139854	
-0.414563	4.223102	35.760550	-51.743090	
-0.497611	4.482640	35.239490	-50.287082	
-0.585726	4.753635	34.673879	-48.770068	
-0.676854	5.035367	34.062521	-47.190325	
-0.768189	5.326661	33.404258	-45.546256	
-0.856061	5.625810	32.698015	-43.836521	
-0.935819	5.930496	31.942875	-42.060174	
-1.001728	6.237707	31.138156	-40.216840	
-1.046861	6.543666	30.283510	-38.306906	
-1.063029	6.843760	29.379029	-36.331748	
-1.040722	7.132492	28.425369	-34.293971	
-0.969098	7.403445	27.423886	-32.197670	
-0.836016	7.649285	26.376780	-30.048707	
-0.628136	7.861787	25.287242	-27.854982	
-0.331099	8.031923	24.159605	-25.626703	
0.070199	8.150001	22.999480	-23.376612	
0.591221	8.205870	21.813875	-21.120173	
1.247260	8.189221	20.611277	-18.875670	
2.052771	8.089971	19.401677	-16.664173	
3.020518	7.898770	18.196516	-14.509329	
4.160542	7.607626	17.008490	-12.436875	
5.478911	7.210664	15.851169	-10.473737	
6.976269	6.705042	14.738118	-8.646144	
8.646144	6.091974	13.681311	-6.976268	
10.473737	5.377431	12.689575	-5.478910	
12.436874	4.571615	11.768166	-4.160540	
14.509328	3.687187	10.919287	-3.020516	
16.664173	2.737504	10.142740	-2.052768	
18.875670	1.735606	9.436479	-1.247256	
21.120173	0.693701	8.797088	-0.591216	
23.376611	-0.377133	8.220197	-0.070194	
25.626702	-1.467099	7.700821	0.331105	
27.854982	-2.567743	7.233647	0.628143	
30.048706	-3.671930	6.813264	0.836024	
32.197669	-4.773787	6.434342	0.969107	
34.293970	-5.868606	6.091764	1.040732	
36.331748	-6.952724	5.780725	1.063039	
38.306906	-8.023401	5.496798	1.046871	
40.216840	-9.078689	5.235973	1.001738	
42.060174	-10.117305	4.994670	0.935829	
43.836521	-11.138511	4.769743	0.856069	
45.546256	-12.142003	4.558466	0.768196	
47.190325	-13.127808	4.358508	0.676859	
48.770068	-14.096193	4.167905	0.585727	
50.287081	-15.047594	3.985027	0.497607	
51.743090	-15.982541	3.808539	0.414554	
53.139854	-16.901609	3.637368	0.337984	
54.479088	-17.805371	3.470663	0.268780	
55.762406	-18.694361	3.307765	0.207388	
56.991278	-19.569048	3.148172	0.153906	
58.167001	-20.429818	2.991511	0.108162	
59.290684	-21.276955	2.837513	0.069784	
60.363242	-22.110639	2.685988	0.038253	
61.385396	-22.930938	2.536803	0.012960	
62.357682	-23.737808	2.389873	-0.006756	
63.280465	-24.531098	2.245137	-0.021580	
64.153948	-25.310550	2.102555	-0.032189	
64.978199	-26.075811	1.962091	-0.039235	
65.753162	-26.826438	1.823714	-0.043332	
66.478681	-27.561905	1.687387	-0.045045	
67.154519	-28.281615	1.553063	-0.044886	
67.780374	-28.984905	1.420687	-0.043310	
68.355902	-29.671060	1.290190	-0.040717	
68.880727	-30.339317	1.161492	-0.037449	
69.354462	-30.988878	1.034498	-0.033800	
69.776720	-31.618916	0.909104	-0.030014	
70.147129	-32.228584	0.785191	-0.026294	
70.465338	-32.817021	0.662630	-0.022803	
70.731031	-33.383363	0.541285	-0.019671	
70.943932	-33.926745	0.421009	-0.016998	
71.103814	-34.446311	0.301646	-0.014859	
71.210501	-34.941218	0.183035	-0.013307	
71.263875	-35.410643	0.065006	-0.012376	
71.263875	-35.853786	-0.052618	-0.012082	
71.210501	-36.269874	-0.170020	-0.012425	
71.103814	-36.658166	-0.287394	-0.013388	
70.943932	-37.017956	-0.404943	-0.014941	
70.731031	-37.348575	-0.522880	-0.017032	
70.465338	-37.649390	-0.641434	-0.019594	
70.147129	-37.919809	-0.760846	-0.022535	
69.776720	-38.159276	-0.881379	-0.025738	
69.354462	-38.367274	-1.003317	-0.029059	
68.880727	-38.543320	-1.126966	-0.032319	
68.355902	-38.686961	-1.252663	-0.035303	
67.780374	-38.797772	-1.380776	-0.037754	
67.154519	-38.875349	-1.511708	-0.039370	
66.478681	-38.919302	-1.645899	-0.039804	
65.753162	-38.929248	-1.783829	-0.038657	
64.978199	-38.904799	-1.926020	-0.035479	
64.153948	-38.845559	-2.073033	-0.029776	
63.280465	-38.751105	-2.225473	-0.021007	
62.357682	-38.620984	-2.383977	-0.008595	
61.385396	-38.454697	-2.549216	0.008060	
60.363241	-38.251691	-2.721882	0.029566	
59.290684	-38.011348	-2.902674	0.056520	
58.167001	-37.732978	-3.092289	0.089476	
56.991278	-37.415810	-3.291393	0.128912	
55.762406	-37.058995	-3.500600	0.175187	
54.479088	-36.661599	-3.720438	0.228494	
53.139854	-36.222615	-3.951314	0.288793	
51.743090	-35.740972	-4.193470	0.355752	
50.287082	-35.215556	-4.446930	0.428663	
48.770069	-34.645234	-4.711449	0.506361	
47.190325	-34.028898	-4.986449	0.587131	
45.546257	-33.365508	-5.270951	0.668607	
43.836522	-32.654154	-5.563510	0.747675	
42.060176	-31.894133	-5.862136	0.820367	
40.216841	-31.085034	-6.164228	0.881764	
38.306908	-30.226837	-6.466505	0.925907	
36.331751	-29.320036	-6.764943	0.945722	
34.293973	-28.365755	-7.054732	0.932966	
32.197673	-27.365897	-7.330241	0.878210	
30.048710	-26.323280	-7.585016	0.770861	
27.854986	-25.241788	-7.811808	0.599236	
25.626706	-24.126510	-8.002641	0.350710	
23.376615	-22.983871	-8.148933	0.011939	
21.120177	-21.821730	-8.241679	-0.430809	
18.875673	-20.649443	-8.271708	-0.991215	
16.664176	-19.477856	-8.230027	-1.682335	
14.509331	-18.319208	-8.108263	-2.515876	
12.436876	-17.186893	-7.899210	-3.501304	
10.473738	-16.095017	-7.597509	-4.644774	
8.646143	-15.057443	-7.200451	-5.947869	
6.976265	-14.086130	-6.708878	-7.406136	
5.478904	-13.189491	-6.127806	-9.008012	
4.160531	-12.371951	-5.465965	-10.735582	
3.020504	-11.634535	-4.734289	-12.567351	
2.052752	-10.975640	-3.944400	-14.481054	
1.247235	-10.391698	-3.107724	-16.455251	
0.591190	-9.877745	-2.235034	-18.470098	
0.070162	-9.427901	-1.336183	-20.507764	
-0.331144	-9.035765	-0.419953	-22.552631	
-0.628188	-8.694735	0.506004	-24.591328	
-0.836076	-8.398258	1.435160	-26.612674	
-0.969166	-8.140023	2.362071	-28.607534	
-1.040798	-7.914100	3.282297	-30.568638	
-1.063111	-7.715029	4.192311	-32.490378	
-1.046948	-7.537886	5.089394	-34.368582	
-1.001818	-7.378304	5.971526	-36.200296	
-0.935910	-7.232478	6.837282	-37.983579	
-0.856148	-7.097154	7.685726	-39.717299	
-0.768269	-6.969594	8.516320	-41.400958	
-0.676921	-6.847545	9.328838	-43.034531	
-0.585773	-6.729188	10.123284	-44.618326	
-0.497630	-6.613098	10.899830	-46.152869	
-0.414545	-6.498189	11.658757	-47.638801	
-0.337934	-6.383669	12.400407	-49.076800	
-0.268679	-6.268994	13.125145	-50.467520	
-0.207225	-6.153827	13.833326	-51.811541	
-0.153668	-6.037994	14.525272	-53.109334	
-0.107836	-5.921454	15.201256	-54.361240	
-0.069356	-5.804266	15.861488	-55.567460	
-0.037710	-5.686561	16.506105	-56.728043	
-0.012290	-5.568521	17.135171	-57.842897	
0.007567	-5.450360	17.748676	-58.911788	
0.022541	-5.332306	18.346534	-59.934358	
0.033306	-5.214591	18.928590	-60.910135	
0.040510	-5.097443	19.494622	-61.838548	
0.044761	-4.981073	20.044348	-62.718948	
0.046617	-4.865677	20.577432	-63.550623	
0.046581	-4.751429	21.093493	-64.332815	
0.045096	-4.638478	21.592106	-65.064738	
0.042548	-4.526951	22.072816	-65.745594	
0.039265	-4.416951	22.535137	-66.374589	
0.035522	-4.308560	22.978566	-66.950948	
0.031544	-4.201836	23.402584	-67.473925	
0.027510	-4.096820	23.806661	-67.942819	
0.023559	-3.993535	24.190266	-68.356981	
0.019796	-3.891989	24.552870	-68.715826	
0.016294	-3.792178	24.893949	-69.018839	
0.013102	-3.694087	25.212990	-69.265584	
0.010247	-3.597689	25.509497	-69.455708	
0.007740	-3.502954	25.782992	-69.588945	
0.005577	-3.409842	26.033018	-69.665120	
0.003745	-3.318314	26.259144	-69.684153	
0.002226	-3.228322	26.460970	-69.646053	
0.000992	-3.139819	26.638122	-69.550926	
0.000015	-3.052757	26.790262	-69.398967	
-0.000733	-2.967087	26.917081	-69.190458	
-0.001283	-2.882758	27.018306	-68.925765	
-0.001664	-2.799721	27.093697	-68.605329	
-0.001904	-2.717927	27.143044	-68.229660	
-0.002029	-2.637328	27.166169	-67.799324	
-0.002060	-2.557875	27.162919	-67.314935	
-0.002020	-2.479522	27.133162	-66.777140	
-0.001926	-2.402220	27.076786	-66.186600	
-0.001794	-2.325925	26.993687	-65.543979	
-0.001637	-2.250589	26.883762	-64.849918	
-0.001465	-2.176166	26.746906	-64.105017	
-0.001288	-2.102611	26.582992	-63.309813	
-0.001111	-2.029878	26.391871	-62.464752	
-0.000942	-1.957920	26.173351	-61.570168	
-0.000782	-1.886690	25.927193	-60.626256	
-0.000636	-1.816145	25.653091	-59.633047	
-0.000503	-1.746238	25.350668	-58.590386	
-0.000386	-1.676924	25.019459	-57.497910	
-0.000285	-1.608161	24.658909	-56.355033	
-0.000198	-1.539909	24.268358	-55.160935	
-0.000125	-1.472130	23.847047	-53.914556	
-0.000066	-1.404791	23.394113	-52.614607	
-0.000018	-1.337865	22.908600	-51.259582	
0.000019	-1.271333	22.389472	-49.847798	
0.000047	-1.205182	21.835639	-48.377437	
0.000067	-1.139415	21.245984	-46.846621	
0.000080	-1.074045	20.619414	-45.253503	
0.000088	-1.009101	19.954912	-43.596380	
0.000091	-0.944633	19.251609	-41.873843	
0.000090	-0.880709	18.508871	-40.084948	
0.000087	-0.817420	17.726395	-38.229416	
0.000082	-0.754885	16.904332	-36.307872	
0.000075	-0.693249	16.043413	-34.322101	
0.000068	-0.632684	15.145092	-32.275335	
0.000060	-0.573395	14.211702	-30.172558	
0.000052	-0.515613	13.246616	-28.020816	
0.000045	-0.459596	12.254401	-25.829526	
0.000038	-0.405628	11.240967	-23.610763	
0.000031	-0.354010	10.213697	-21.379495	
0.000025	-0.305055	9.181529	-19.153742	
0.000019	-0.259075	8.154985	-16.954606	
0.000015	-0.216370	7.146099	-14.806108	
0.000010	-0.177209	6.168210	-12.734745	
0.000007	-0.141809	5.235528	-10.768589	
0.000004	-0.110310	4.362171	-8.935331	
0.000002	-0.082747	3.560393	-7.258708	
-0.000000	-0.059041	2.838790	-5.754925	
-0.000002	-0.039011	2.201724	-4.431533	
-0.000003	-0.022394	1.649872	-3.288620	
-0.000004	-0.008881	1.181048	-2.320495	
-0.000004	0.001873	0.790903	-1.517156	
-0.000004	0.010224	0.473531	-0.865532	
-0.000005	0.016526	0.221967	-0.350515	
-0.000005	0.021123	0.028600	0.044193	
-0.000005	0.024338	-0.114500	0.335417	