6.976265	-14.08613	-6.708878	-7.406136
6.60192475	-13.86197025	-6.56361	-7.806605
6.2275845	-13.6378105	-6.418342	-8.207074
5.85324425	-13.41365075	-6.273074	-8.607543
5.478904	-13.189491	-6.127806	-9.008012
5.14931075	-12.985106	-5.96234575	-9.4399045
4.8197175	-12.780721	-5.7968855	-9.871797
4.49012425	-12.576336	-5.63142525	-10.3036895
4.160531	-12.371951	-5.465965	-10.735582
3.87552425	-12.187597	-5.283046	-11.19352425
3.5905175	-12.003243	-5.100127	-11.6514665
3.30551075	-11.818889	-4.917208	-12.10940875
3.020504	-11.634535	-4.734289	-12.567351
2.778566	-11.46981125	-4.53681675	-13.04577675
2.536628	-11.3050875	-4.3393445	-13.5242025
2.29469	-11.14036375	-4.14187225	-14.00262825
2.052752	-10.97564	-3.9444	-14.481054
1.85137275	-10.8296545	-3.735231	-14.97460325
1.6499935	-10.683669	-3.526062	-15.4681525
1.44861425	-10.5376835	-3.316893	-15.96170175
1.247235	-10.391698	-3.107724	-16.455251
1.08322375	-10.26320975	-2.8895515	-16.95896275
0.9192125	-10.1347215	-2.671379	-17.4626745
0.75520125	-10.00623325	-2.4532065	-17.96638625
0.59119	-9.877745	-2.235034	-18.470098
0.460933	-9.765284	-2.01032125	-18.9795145
0.330676	-9.652823	-1.7856085	-19.488931
0.200419	-9.540362	-1.56089575	-19.9983475
0.070162	-9.427901	-1.336183	-20.507764
-0.0301645	-9.329867	-1.1071255	-21.01898075
-0.130491	-9.231833	-0.878068	-21.5301975
-0.2308175	-9.133799	-0.6490105	-22.04141425
-0.331144	-9.035765	-0.419953	-22.552631
-0.405405	-8.9505075	-0.18846375	-23.06230525
-0.479666	-8.86525	0.0430255	-23.5719795
-0.553927	-8.7799925	0.27451475	-24.08165375
-0.628188	-8.694735	0.506004	-24.591328
-0.68016	-8.62061575	0.738293	-25.0966645
-0.732132	-8.5464965	0.970582	-25.602001
-0.784104	-8.47237725	1.202871	-26.1073375
-0.836076	-8.398258	1.43516	-26.612674
-0.8693485	-8.33369925	1.66688775	-27.111389
-0.902621	-8.2691405	1.8986155	-27.610104
-0.9358935	-8.20458175	2.13034325	-28.108819
-0.969166	-8.140023	2.362071	-28.607534
-0.987074	-8.08354225	2.5921275	-29.09781
-1.004982	-8.0270615	2.822184	-29.588086
-1.02289	-7.97058075	3.0522405	-30.078362
-1.040798	-7.9141	3.282297	-30.568638
-1.04637625	-7.86433225	3.5098005	-31.049073
-1.0519545	-7.8145645	3.737304	-31.529508
-1.05753275	-7.76479675	3.9648075	-32.009943
-1.063111	-7.715029	4.192311	-32.490378
-1.05907025	-7.67074325	4.41658175	-32.959929
-1.0550295	-7.6264575	4.6408525	-33.42948
-1.05098875	-7.58217175	4.86512325	-33.899031
-1.046948	-7.537886	5.089394	-34.368582
-1.0356655	-7.4979905	5.309927	-34.8265105
-1.024383	-7.458095	5.53046	-35.284439
-1.0131005	-7.4181995	5.750993	-35.7423675
-1.001818	-7.378304	5.971526	-36.200296
-0.985341	-7.3418475	6.187965	-36.64611675
-0.968864	-7.305391	6.404404	-37.0919375
-0.952387	-7.2689345	6.620843	-37.53775825
-0.93591	-7.232478	6.837282	-37.983579
-0.9159695	-7.198647	7.049393	-38.417009
-0.896029	-7.164816	7.261504	-38.850439
-0.8760885	-7.130985	7.473615	-39.283869
-0.856148	-7.097154	7.685726	-39.717299
-0.83417825	-7.065264	7.8933745	-40.13821375
-0.8122085	-7.033374	8.101023	-40.5591285
-0.79023875	-7.001484	8.3086715	-40.98004325
-0.768269	-6.969594	8.51632	-41.400958
-0.745432	-6.93908175	8.7194495	-41.80935125
-0.722595	-6.9085695	8.922579	-42.2177445
-0.699758	-6.87805725	9.1257085	-42.62613775
-0.676921	-6.847545	9.328838	-43.034531
-0.654134	-6.81795575	9.5274495	-43.43047975
-0.631347	-6.7883665	9.726061	-43.8264285
-0.60856	-6.75877725	9.9246725	-44.22237725
-0.585773	-6.729188	10.123284	-44.618326
-0.56373725	-6.7001655	10.3174205	-45.00196175
-0.5417015	-6.671143	10.511557	-45.3855975
-0.51966575	-6.6421205	10.7056935	-45.76923325
-0.49763	-6.613098	10.89983	-46.152869
-0.47685875	-6.58437075	11.08956175	-46.524352
-0.4560875	-6.5556435	11.2792935	-46.895835
-0.43531625	-6.52691625	11.46902525	-47.267318
-0.414545	-6.498189	11.658757	-47.638801
-0.39539225	-6.469559	11.8441695	-47.99830075
-0.3762395	-6.440929	12.029582	-48.3578005
-0.35708675	-6.412299	12.2149945	-48.71730025
-0.337934	-6.383669	12.400407	-49.0768
-0.32062025	-6.35500025	12.5815915	-49.42448
-0.3033065	-6.3263315	12.762776	-49.77216
-0.28599275	-6.29766275	12.9439605	-50.11984
-0.268679	-6.268994	13.125145	-50.46752
-0.2533155	-6.24020225	13.30219025	-50.80352525
-0.237952	-6.2114105	13.4792355	-51.1395305
-0.2225885	-6.18261875	13.65628075	-51.47553575
-0.207225	-6.153827	13.833326	-51.811541
-0.19383575	-6.12486875	14.0063125	-52.13598925
-0.1804465	-6.0959105	14.179299	-52.4604375
-0.16705725	-6.06695225	14.3522855	-52.78488575
-0.153668	-6.037994	14.525272	-53.109334
-0.14221	-6.008859	14.694268	-53.4223105
-0.130752	-5.979724	14.863264	-53.735287
-0.119294	-5.950589	15.03226	-54.0482635
-0.107836	-5.921454	15.201256	-54.36124
-0.098216	-5.892157	15.366314	-54.662795
-0.088596	-5.86286	15.531372	-54.96435
-0.078976	-5.833563	15.69643	-55.265905
-0.069356	-5.804266	15.861488	-55.56746
-0.0614445	-5.77483975	16.02264225	-55.85760575
-0.053533	-5.7454135	16.1837965	-56.1477515
-0.0456215	-5.71598725	16.34495075	-56.43789725
-0.03771	-5.686561	16.506105	-56.728043
-0.031355	-5.657051	16.6633715	-57.0067565
-0.025	-5.627541	16.820638	-57.28547
-0.018645	-5.598031	16.9779045	-57.5641835
-0.01229	-5.568521	17.135171	-57.842897
-0.00732575	-5.53898075	17.28854725	-58.11011975
-0.0023615	-5.5094405	17.4419235	-58.3773425
0.00260275	-5.47990025	17.59529975	-58.64456525
0.007567	-5.45036	17.748676	-58.911788
0.0113105	-5.4208465	17.8981405	-59.1674305
0.015054	-5.391333	18.047605	-59.423073
0.0187975	-5.3618195	18.1970695	-59.6787155
0.022541	-5.332306	18.346534	-59.934358
0.02523225	-5.30287725	18.492048	-60.17830225
0.0279235	-5.2734485	18.637562	-60.4222465
0.03061475	-5.24401975	18.783076	-60.66619075
0.033306	-5.214591	18.92859	-60.910135
0.035107	-5.185304	19.070098	-61.14223825
0.036908	-5.156017	19.211606	-61.3743415
0.038709	-5.12673	19.353114	-61.60644475
0.04051	-5.097443	19.494622	-61.838548
0.04157275	-5.0683505	19.6320535	-62.058648
0.0426355	-5.039258	19.769485	-62.278748
0.04369825	-5.0101655	19.9069165	-62.498848
0.044761	-4.981073	20.044348	-62.718948
0.045225	-4.952224	20.177619	-62.92686675
0.045689	-4.923375	20.31089	-63.1347855
0.046153	-4.894526	20.444161	-63.34270425
0.046617	-4.865677	20.577432	-63.550623
0.046608	-4.837115	20.70644725	-63.746171
0.046599	-4.808553	20.8354625	-63.941719
0.04659	-4.779991	20.96447775	-64.137267
0.046581	-4.751429	21.093493	-64.332815
0.04620975	-4.72319125	21.21814625	-64.51579575
0.0458385	-4.6949535	21.3427995	-64.6987765
0.04546725	-4.66671575	21.46745275	-64.88175725
0.045096	-4.638478	21.592106	-65.064738
0.044459	-4.61059625	21.7122835	-65.234952
0.043822	-4.5827145	21.832461	-65.405166
0.043185	-4.55483275	21.9526385	-65.57538
0.042548	-4.526951	22.072816	-65.745594
0.04172725	-4.499451	22.18839625	-65.90284275
0.0409065	-4.471951	22.3039765	-66.0600915
0.04008575	-4.444451	22.41955675	-66.21734025
0.039265	-4.416951	22.535137	-66.374589
0.03832925	-4.38985325	22.64599425	-66.51867875
0.0373935	-4.3627555	22.7568515	-66.6627685
0.03645775	-4.33565775	22.86770875	-66.80685825
0.035522	-4.30856	22.978566	-66.950948
0.0345275	-4.281879	23.0845705	-67.08169225
0.033533	-4.255198	23.190575	-67.2124365
0.0325385	-4.228517	23.2965795	-67.34318075
0.031544	-4.201836	23.402584	-67.473925
0.0305355	-4.175582	23.50360325	-67.5911485
0.029527	-4.149328	23.6046225	-67.708372
0.0285185	-4.123074	23.70564175	-67.8255955
0.02751	-4.09682	23.806661	-67.942819
0.02652225	-4.07099875	23.90256225	-68.0463595
0.0255345	-4.0451775	23.9984635	-68.1499
0.02454675	-4.01935625	24.09436475	-68.2534405
0.023559	-3.993535	24.190266	-68.356981
0.02261825	-3.9681485	24.280917	-68.44669225
0.0216775	-3.942762	24.371568	-68.5364035
0.02073675	-3.9173755	24.462219	-68.62611475
0.019796	-3.891989	24.55287	-68.715826
0.0189205	-3.86703625	24.63813975	-68.79157925
0.018045	-3.8420835	24.7234095	-68.8673325
0.0171695	-3.81713075	24.80867925	-68.94308575
0.016294	-3.792178	24.893949	-69.018839
0.015496	-3.76765525	24.97370925	-69.08052525
0.014698	-3.7431325	25.0534695	-69.1422115
0.0139	-3.71860975	25.13322975	-69.20389775
0.013102	-3.694087	25.21299	-69.265584
0.01238825	-3.6699875	25.28711675	-69.313115
0.0116745	-3.645888	25.3612435	-69.360646
0.01096075	-3.6217885	25.43537025	-69.408177
0.010247	-3.597689	25.509497	-69.455708
0.00962025	-3.57400525	25.57787075	-69.48901725
0.0089935	-3.5503215	25.6462445	-69.5223265
0.00836675	-3.52663775	25.71461825	-69.55563575
0.00774	-3.502954	25.782992	-69.588945
0.00719925	-3.479676	25.8454985	-69.60798875
0.0066585	-3.456398	25.908005	-69.6270325
0.00611775	-3.43312	25.9705115	-69.64607625
0.005577	-3.409842	26.033018	-69.66512
0.005119	-3.38696	26.0895495	-69.66987825
0.004661	-3.364078	26.146081	-69.6746365
0.004203	-3.341196	26.2026125	-69.67939475
0.003745	-3.318314	26.259144	-69.684153
0.00336525	-3.295816	26.3096005	-69.674628
0.0029855	-3.273318	26.360057	-69.665103
0.00260575	-3.25082	26.4105135	-69.655578
0.002226	-3.228322	26.46097	-69.646053
0.0019175	-3.20619625	26.505258	-69.62227125
0.001609	-3.1840705	26.549546	-69.5984895
0.0013005	-3.16194475	26.593834	-69.57470775
0.000992	-3.139819	26.638122	-69.550926
0.00074775	-3.1180535	26.676157	-69.51293625
0.0005035	-3.096288	26.714192	-69.4749465
0.00025925	-3.0745225	26.752227	-69.43695675
1.5e-05	-3.052757	26.790262	-69.398967
-0.000172	-3.0313395	26.82196675	-69.34683975
-0.000359	-3.009922	26.8536715	-69.2947125
-0.000546	-2.9885045	26.88537625	-69.24258525
-0.000733	-2.967087	26.917081	-69.190458
-0.0008705	-2.94600475	26.94238725	-69.12428475
-0.001008	-2.9249225	26.9676935	-69.0581115
-0.0011455	-2.90384025	26.99299975	-68.99193825
-0.001283	-2.882758	27.018306	-68.925765
-0.00137825	-2.86199875	27.03715375	-68.845656
-0.0014735	-2.8412395	27.0560015	-68.765547
-0.00156875	-2.82048025	27.07484925	-68.685438
-0.001664	-2.799721	27.093697	-68.605329
-0.001724	-2.7792725	27.10603375	-68.51141175
-0.001784	-2.758824	27.1183705	-68.4174945
-0.001844	-2.7383755	27.13070725	-68.32357725
-0.001904	-2.717927	27.143044	-68.22966
-0.00193525	-2.69777725	27.14882525	-68.122076
-0.0019665	-2.6776275	27.1546065	-68.014492
-0.00199775	-2.65747775	27.16038775	-67.906908
-0.002029	-2.637328	27.166169	-67.799324
-0.00203675	-2.61746475	27.1653565	-67.67822675
-0.0020445	-2.5976015	27.164544	-67.5571295
-0.00205225	-2.57773825	27.1637315	-67.43603225
-0.00206	-2.557875	27.162919	-67.314935
-0.00205	-2.53828675	27.15547975	-67.18048625
-0.00204	-2.5186985	27.1480405	-67.0460375
-0.00203	-2.49911025	27.14060125	-66.91158875
-0.00202	-2.479522	27.133162	-66.77714
-0.0019965	-2.4601965	27.119068	-66.629505
-0.001973	-2.440871	27.104974	-66.48187
-0.0019495	-2.4215455	27.09088	-66.334235
-0.001926	-2.40222	27.076786	-66.1866
-0.001893	-2.38314625	27.05601125	-66.02594475
-0.00186	-2.3640725	27.0352365	-65.8652895
-0.001827	-2.34499875	27.01446175	-65.70463425
-0.001794	-2.325925	26.993687	-65.543979
-0.00175475	-2.307091	26.96620575	-65.37046375
-0.0017155	-2.288257	26.9387245	-65.1969485
-0.00167625	-2.269423	26.91124325	-65.02343325
-0.001637	-2.250589	26.883762	-64.849918
-0.001594	-2.23198325	26.849548	-64.66369275
-0.001551	-2.2133775	26.815334	-64.4774675
-0.001508	-2.19477175	26.78112	-64.29124225
-0.001465	-2.176166	26.746906	-64.105017
-0.00142075	-2.15777725	26.7059275	-63.906216
-0.0013765	-2.1393885	26.664949	-63.707415
-0.00133225	-2.12099975	26.6239705	-63.508614
-0.001288	-2.102611	26.582992	-63.309813
-0.00124375	-2.08442775	26.53521175	-63.09854775
-0.0011995	-2.0662445	26.4874315	-62.8872825
-0.00115525	-2.04806125	26.43965125	-62.67601725
-0.001111	-2.029878	26.391871	-62.464752
-0.00106875	-2.0118885	26.337241	-62.241106
-0.0010265	-1.993899	26.282611	-62.01746
-0.00098425	-1.9759095	26.227981	-61.793814
-0.000942	-1.95792	26.173351	-61.570168
-0.000902	-1.9401125	26.1118115	-61.33419
-0.000862	-1.922305	26.050272	-61.098212
-0.000822	-1.9044975	25.9887325	-60.862234
-0.000782	-1.88669	25.927193	-60.626256
-0.0007455	-1.86905375	25.8586675	-60.37795375
-0.000709	-1.8514175	25.790142	-60.1296515
-0.0006725	-1.83378125	25.7216165	-59.88134925
-0.000636	-1.816145	25.653091	-59.633047
-0.00060275	-1.79866825	25.57748525	-59.37238175
-0.0005695	-1.7811915	25.5018795	-59.1117165
-0.00053625	-1.76371475	25.42627375	-58.85105125
-0.000503	-1.746238	25.350668	-58.590386
-0.00047375	-1.7289095	25.26786575	-58.317267
-0.0004445	-1.711581	25.1850635	-58.044148
-0.00041525	-1.6942525	25.10226125	-57.771029
-0.000386	-1.676924	25.019459	-57.49791
-0.00036075	-1.65973325	24.9293215	-57.21219075
-0.0003355	-1.6425425	24.839184	-56.9264715
-0.00031025	-1.62535175	24.7490465	-56.64075225
-0.000285	-1.608161	24.658909	-56.355033
-0.00026325	-1.591098	24.56127125	-56.0565085
-0.0002415	-1.574035	24.4636335	-55.757984
-0.00021975	-1.556972	24.36599575	-55.4594595
-0.000198	-1.539909	24.268358	-55.160935
-0.00017975	-1.52296425	24.16303025	-54.84934025
-0.0001615	-1.5060195	24.0577025	-54.5377455
-0.00014325	-1.48907475	23.95237475	-54.22615075
-0.000125	-1.47213	23.847047	-53.914556
-0.00011025	-1.45529525	23.7338135	-53.58956875
-9.55e-05	-1.4384605	23.62058	-53.2645815
-8.075e-05	-1.42162575	23.5073465	-52.93959425
-6.6e-05	-1.404791	23.394113	-52.614607
-5.4e-05	-1.3880595	23.27273475	-52.27585075
-4.2e-05	-1.371328	23.1513565	-51.9370945
-3e-05	-1.3545965	23.02997825	-51.59833825
-1.8e-05	-1.337865	22.9086	-51.259582
-8.75e-06	-1.321232	22.778818	-50.906636
5e-07	-1.304599	22.649036	-50.55369
9.75e-06	-1.287966	22.519254	-50.200744
1.9e-05	-1.271333	22.389472	-49.847798
2.6e-05	-1.25479525	22.25101375	-49.48020775
3.3e-05	-1.2382575	22.1125555	-49.1126175
4e-05	-1.22171975	21.97409725	-48.74502725
4.7e-05	-1.205182	21.835639	-48.377437
5.2e-05	-1.18874025	21.68822525	-47.994733
5.7e-05	-1.1722985	21.5408115	-47.612029
6.2e-05	-1.15585675	21.39339775	-47.229325
6.7e-05	-1.139415	21.245984	-46.846621
7.025e-05	-1.1230725	21.0893415	-46.4483415
7.35e-05	-1.10673	20.932699	-46.050062
7.675e-05	-1.0903875	20.7760565	-45.6517825
8e-05	-1.074045	20.619414	-45.253503
8.2e-05	-1.057809	20.4532885	-44.83922225
8.4e-05	-1.041573	20.287163	-44.4249415
8.6e-05	-1.025337	20.1210375	-44.01066075
8.8e-05	-1.009101	19.954912	-43.59638
8.875e-05	-0.992984	19.77908625	-43.16574575
8.95e-05	-0.976867	19.6032605	-42.7351115
9.025e-05	-0.96075	19.42743475	-42.30447725
9.1e-05	-0.944633	19.251609	-41.873843
9.075e-05	-0.928652	19.0659245	-41.42661925
9.05e-05	-0.912671	18.88024	-40.9793955
9.025e-05	-0.89669	18.6945555	-40.53217175
9e-05	-0.880709	18.508871	-40.084948
8.925e-05	-0.86488675	18.313252	-39.621065
8.85e-05	-0.8490645	18.117633	-39.157182
8.775e-05	-0.83324225	17.922014	-38.693299
8.7e-05	-0.81742	17.726395	-38.229416
8.575e-05	-0.80178625	17.52087925	-37.74903
8.45e-05	-0.7861525	17.3153635	-37.268644
8.325e-05	-0.77051875	17.10984775	-36.788258
8.2e-05	-0.754885	16.904332	-36.307872
8.025e-05	-0.739476	16.68910225	-35.81142925
7.85e-05	-0.724067	16.4738725	-35.3149865
7.675e-05	-0.708658	16.25864275	-34.81854375
7.5e-05	-0.693249	16.043413	-34.322101
7.325e-05	-0.67810775	15.81883275	-33.8104095
7.15e-05	-0.6629665	15.5942525	-33.298718
6.975e-05	-0.64782525	15.36967225	-32.7870265
6.8e-05	-0.632684	15.145092	-32.275335
6.6e-05	-0.61786175	14.9117445	-31.74964075
6.4e-05	-0.6030395	14.678397	-31.2239465
6.2e-05	-0.58821725	14.4450495	-30.69825225
6e-05	-0.573395	14.211702	-30.172558
5.8e-05	-0.5589495	13.9704305	-29.6346225
5.6e-05	-0.544504	13.729159	-29.096687
5.4e-05	-0.5300585	13.4878875	-28.5587515
5.2e-05	-0.515613	13.246616	-28.020816
5.025e-05	-0.50160875	12.99856225	-27.4729935
4.85e-05	-0.4876045	12.7505085	-26.925171
4.675e-05	-0.47360025	12.50245475	-26.3773485
4.5e-05	-0.459596	12.254401	-25.829526
4.325e-05	-0.446104	12.0010425	-25.27483525
4.15e-05	-0.432612	11.747684	-24.7201445
3.975e-05	-0.41912	11.4943255	-24.16545375
3.8e-05	-0.405628	11.240967	-23.610763
3.625e-05	-0.3927235	10.9841495	-23.052946
3.45e-05	-0.379819	10.727332	-22.495129
3.275e-05	-0.3669145	10.4705145	-21.937312
3.1e-05	-0.35401	10.213697	-21.379495
2.95e-05	-0.34177125	9.955655	-20.82305675
2.8e-05	-0.3295325	9.697613	-20.2666185
2.65e-05	-0.31729375	9.439571	-19.71018025
2.5e-05	-0.305055	9.181529	-19.153742
2.35e-05	-0.29356	8.924893	-18.603958
2.2e-05	-0.282065	8.668257	-18.054174
2.05e-05	-0.27057	8.411621	-17.50439
1.9e-05	-0.259075	8.154985	-16.954606
1.8e-05	-0.24839875	7.9027635	-16.4174815
1.7e-05	-0.2377225	7.650542	-15.880357
1.6e-05	-0.22704625	7.3983205	-15.3432325
1.5e-05	-0.21637	7.146099	-14.806108
1.375e-05	-0.20657975	6.90162675	-14.28826725
1.25e-05	-0.1967895	6.6571545	-13.7704265
1.125e-05	-0.18699925	6.41268225	-13.25258575
1e-05	-0.177209	6.16821	-12.734745
9.25e-06	-0.168359	5.9350395	-12.243206
8.5e-06	-0.159509	5.701869	-11.751667
7.75e-06	-0.150659	5.4686985	-11.260128
7e-06	-0.141809	5.235528	-10.768589
6.25e-06	-0.13393425	5.01718875	-10.3102745
5.5e-06	-0.1260595	4.7988495	-9.85196
4.75e-06	-0.11818475	4.58051025	-9.3936455
4e-06	-0.11031	4.362171	-8.935331
3.5e-06	-0.10341925	4.1617265	-8.51617525
3e-06	-0.0965285	3.961282	-8.0970195
2.5e-06	-0.08963775	3.7608375	-7.67786375
2e-06	-0.082747	3.560393	-7.258708
1.5e-06	-0.0768205	3.37999225	-6.88276225
1e-06	-0.070894	3.1995915	-6.5068165
5e-07	-0.0649675	3.01919075	-6.13087075
-0.0	-0.059041	2.83879	-5.754925
-5e-07	-0.0540335	2.6795235	-5.424077
-1e-06	-0.049026	2.520257	-5.093229
-1.5e-06	-0.0440185	2.3609905	-4.762381
-2e-06	-0.039011	2.201724	-4.431533
-2.25e-06	-0.03485675	2.063761	-4.14580475
-2.5e-06	-0.0307025	1.925798	-3.8600765
-2.75e-06	-0.02654825	1.787835	-3.57434825
-3e-06	-0.022394	1.649872	-3.28862
-3.25e-06	-0.01901575	1.532666	-3.04658875
-3.5e-06	-0.0156375	1.41546	-2.8045575
-3.75e-06	-0.01225925	1.298254	-2.56252625
-4e-06	-0.008881	1.181048	-2.320495
-4e-06	-0.0061925	1.08351175	-2.11966025
-4e-06	-0.003504	0.9859755	-1.9188255
-4e-06	-0.0008155	0.88843925	-1.71799075
-4e-06	0.001873	0.790903	-1.517156
-4e-06	0.00396075	0.71156	-1.35425
-4e-06	0.0060485	0.632217	-1.191344
-4e-06	0.00813625	0.552874	-1.028438
-4e-06	0.010224	0.473531	-0.865532
-4.25e-06	0.0117995	0.41064	-0.73677775
-4.5e-06	0.013375	0.347749	-0.6080235
-4.75e-06	0.0149505	0.284858	-0.47926925
-5e-06	0.016526	0.221967	-0.350515
-5e-06	0.01767525	0.17362525	-0.251838
-5e-06	0.0188245	0.1252835	-0.153161
-5e-06	0.01997375	0.07694175	-0.054484
-5e-06	0.021123	0.0286	0.044193
-5e-06	0.02192675	-0.007175	0.116999
-5e-06	0.0227305	-0.04295	0.189805
-5e-06	0.02353425	-0.078725	0.262611
-5e-06	0.024338	-0.1145	0.335417