1.907972	-11.201697	-6.411301	-8.646143
1.7365885	-11.04815925	-6.2137955	-9.10304175
1.565205	-10.8946215	-6.01629	-9.5599405
1.3938215	-10.74108375	-5.8187845	-10.01683925
1.222438	-10.587546	-5.621279	-10.473738
1.08159775	-10.4459405	-5.4034635	-10.9645225
0.9407575	-10.304335	-5.185648	-11.455307
0.79991725	-10.1627295	-4.9678325	-11.9460915
0.659077	-10.021124	-4.750017	-12.436876
0.546039	-9.890547	-4.514982	-12.95498975
0.433001	-9.75997	-4.279947	-13.4731035
0.319963	-9.629393	-4.044912	-13.99121725
0.206925	-9.498816	-3.809877	-14.509331
0.11871925	-9.3783265	-3.56082775	-15.04804225
0.0305135	-9.257837	-3.3117785	-15.5867535
-0.05769225	-9.1373475	-3.06272925	-16.12546475
-0.145898	-9.016858	-2.81368	-16.664176
-0.21232275	-8.9055115	-2.5537025	-17.21705025
-0.2787475	-8.794165	-2.293725	-17.7699245
-0.34517225	-8.6828185	-2.0337475	-18.32279875
-0.411597	-8.571472	-1.77377	-18.875673
-0.459259	-8.46834725	-1.505716	-19.436799
-0.506921	-8.3652225	-1.237662	-19.997925
-0.554583	-8.26209775	-0.969608	-20.559051
-0.602245	-8.158973	-0.701554	-21.120177
-0.63404425	-8.0631905	-0.4279795	-21.6842865
-0.6658435	-7.967408	-0.154405	-22.248396
-0.69764275	-7.8716255	0.1191695	-22.8125055
-0.729442	-7.775843	0.392744	-23.376615
-0.74809525	-7.6865795	0.669607	-23.93913775
-0.7667485	-7.597316	0.94647	-24.5016605
-0.78540175	-7.5080525	1.223333	-25.06418325
-0.804055	-7.418789	1.500196	-25.626706
-0.8120545	-7.335286	1.7784465	-26.183776
-0.820054	-7.251783	2.056697	-26.740846
-0.8280535	-7.16828	2.3349475	-27.297916
-0.836053	-7.084777	2.613198	-27.854986
-0.835642	-7.0063465	2.89125575	-28.403417
-0.835231	-6.927916	3.1693135	-28.951848
-0.83482	-6.8494855	3.44737125	-29.500279
-0.834409	-6.771055	3.725429	-30.04871
-0.82756775	-6.69708025	4.0020155	-30.58595075
-0.8207265	-6.6231055	4.278602	-31.1231915
-0.81388525	-6.54913075	4.5551885	-31.66043225
-0.807044	-6.475156	4.831775	-32.197673
-0.7954915	-6.40509125	5.10588575	-32.721748
-0.783939	-6.3350265	5.3799965	-33.245823
-0.7723865	-6.26496175	5.65410725	-33.769898
-0.760834	-6.194897	5.928218	-34.293973
-0.746034	-6.128265	6.19909225	-34.80341725
-0.731234	-6.061633	6.4699665	-35.3128615
-0.716434	-5.995001	6.74084075	-35.82230575
-0.701634	-5.928369	7.011715	-36.33175
-0.6848095	-5.864757	7.278804	-36.8255395
-0.667985	-5.801145	7.545893	-37.319329
-0.6511605	-5.737533	7.812982	-37.8131185
-0.634336	-5.673921	8.080071	-38.306908
-0.61648725	-5.6129745	8.34300525	-38.78439125
-0.5986385	-5.552028	8.6059395	-39.2618745
-0.58078975	-5.4910815	8.86887375	-39.73935775
-0.562941	-5.430135	9.131808	-40.216841
-0.54486625	-5.371554	9.3903665	-40.67767475
-0.5267915	-5.312973	9.648925	-41.1385085
-0.50871675	-5.254392	9.9074835	-41.59934225
-0.490642	-5.195811	10.166042	-42.060176
-0.47295975	-5.139343	10.4201235	-42.5042625
-0.4552775	-5.082875	10.674205	-42.948349
-0.43759525	-5.026407	10.9282865	-43.3924355
-0.419913	-4.969939	11.182368	-43.836522
-0.403085	-4.915373	11.4319635	-44.26395575
-0.386257	-4.860807	11.681559	-44.6913895
-0.369429	-4.806241	11.9311545	-45.11882325
-0.352601	-4.751675	12.18075	-45.546257
-0.3369545	-4.6988365	12.42591925	-45.957274
-0.321308	-4.645998	12.6710885	-46.368291
-0.3056615	-4.5931595	12.91625775	-46.779308
-0.290015	-4.540321	13.161427	-47.190325
-0.27576375	-4.489066	13.40227875	-47.585261
-0.2615125	-4.437811	13.6431305	-47.980197
-0.24726125	-4.386556	13.88398225	-48.375133
-0.23301	-4.335301	14.124834	-48.770069
-0.220274	-4.28551125	14.361507	-49.14932225
-0.207538	-4.2357215	14.59818	-49.5285755
-0.194802	-4.18593175	14.834853	-49.90782875
-0.182066	-4.136142	15.071526	-50.287082
-0.17089	-4.08772025	15.304174	-50.651084
-0.159714	-4.0392985	15.536822	-51.015086
-0.148538	-3.99087675	15.76947	-51.379088
-0.137362	-3.942455	16.002118	-51.74309
-0.127732	-3.89532075	16.23089825	-52.092281
-0.118102	-3.8481865	16.4596785	-52.441472
-0.108472	-3.80105225	16.68845875	-52.790663
-0.098842	-3.753918	16.917239	-53.139854
-0.09069875	-3.7080045	17.1423015	-53.4746625
-0.0825555	-3.662091	17.367364	-53.809471
-0.07441225	-3.6161775	17.5924265	-54.1442795
-0.066269	-3.570264	17.817489	-54.479088
-0.0595205	-3.52551425	18.0389695	-54.7999175
-0.052772	-3.4807645	18.26045	-55.120747
-0.0460235	-3.43601475	18.4819305	-55.4415765
-0.039275	-3.391265	18.703411	-55.762406
-0.033808	-3.3476295	18.92142525	-56.069624
-0.028341	-3.303994	19.1394395	-56.376842
-0.022874	-3.2603585	19.35745375	-56.68406
-0.017407	-3.216723	19.575468	-56.991278
-0.013094	-3.1741585	19.79010675	-57.28520875
-0.008781	-3.131594	20.0047455	-57.5791395
-0.004468	-3.0890295	20.21938425	-57.87307025
-0.000155	-3.046465	20.434023	-58.167001
0.003137	-3.00493075	20.64535125	-58.44792175
0.006429	-2.9633965	20.8566795	-58.7288425
0.009721	-2.92186225	21.06800775	-59.00976325
0.013013	-2.880328	21.279336	-59.290684
0.0154185	-2.839786	21.4873895	-59.55882325
0.017824	-2.799244	21.695443	-59.8269625
0.0202295	-2.758702	21.9034965	-60.09510175
0.022635	-2.71816	22.11155	-60.363241
0.02428425	-2.67857325	22.31633725	-60.61877975
0.0259335	-2.6389865	22.5211245	-60.8743185
0.02758275	-2.59939975	22.72591175	-61.12985725
0.029232	-2.559813	22.930699	-61.385396
0.030249	-2.5211445	23.13219875	-61.6284675
0.031266	-2.482476	23.3336985	-61.871539
0.032283	-2.4438075	23.53519825	-62.1146105
0.0333	-2.405139	23.736698	-62.357682
0.03379925	-2.36735125	23.9348635	-62.58837775
0.0342985	-2.3295635	24.133029	-62.8190735
0.03479775	-2.29177575	24.3311945	-63.04976925
0.035297	-2.253988	24.52936	-63.280465
0.035383	-2.21704325	24.7241175	-63.49883575
0.035469	-2.1800985	24.918875	-63.7172065
0.035555	-2.14315375	25.1136325	-63.93557725
0.035641	-2.106209	25.30839	-64.153948
0.03540775	-2.07006775	25.4996425	-64.36001075
0.0351745	-2.0339265	25.690895	-64.5660735
0.03494125	-1.99778525	25.8821475	-64.77213625
0.034708	-1.961644	26.0734	-64.978199
0.03423725	-1.9262665	26.2610285	-65.17193975
0.0337665	-1.890889	26.448657	-65.3656805
0.03329575	-1.8555115	26.6362855	-65.55942125
0.032825	-1.820134	26.823914	-65.753162
0.0321885	-1.7854785	27.00778025	-65.93454175
0.031552	-1.750823	27.1916465	-66.1159215
0.0309155	-1.7161675	27.37551275	-66.29730125
0.030279	-1.681512	27.559379	-66.478681
0.02953775	-1.64753625	27.73932675	-66.6476405
0.0287965	-1.6135605	27.9192745	-66.8166
0.02805525	-1.57958475	28.09922225	-66.9855595
0.027314	-1.545609	28.27917	-67.154519
0.0265195	-1.51227	28.455028	-67.31098275
0.025725	-1.478931	28.630886	-67.4674465
0.0249305	-1.445592	28.806744	-67.62391025
0.024136	-1.412253	28.982602	-67.780374
0.02333075	-1.37950625	29.15418675	-67.924256
0.0225255	-1.3467595	29.3257715	-68.068138
0.02172025	-1.31401275	29.49735625	-68.21202
0.020915	-1.281266	29.668941	-68.355902
0.020134	-1.24906725	29.8360575	-68.48710825
0.019353	-1.2168685	30.003174	-68.6183145
0.018572	-1.18466975	30.1702905	-68.74952075
0.017791	-1.152471	30.337407	-68.880727
0.01706275	-1.12077525	30.499852	-68.99916075
0.0163345	-1.0890795	30.662297	-69.1175945
0.01560625	-1.05738375	30.824742	-69.23602825
0.014878	-1.025688	30.987187	-69.354462
0.01422525	-0.99445	31.14475125	-69.4600265
0.0135725	-0.963212	31.3023155	-69.565591
0.01291975	-0.931974	31.45987975	-69.6711555
0.012267	-0.900736	31.617444	-69.77672
0.01170725	-0.86991025	31.769913	-69.86932225
0.0111475	-0.8390845	31.922382	-69.9619245
0.01058775	-0.80825875	32.074851	-70.05452675
0.010028	-0.777433	32.22732	-70.147129
0.0095755	-0.74697425	32.374477	-70.22668125
0.009123	-0.7165155	32.521634	-70.3062335
0.0086705	-0.68605675	32.668791	-70.38578575
0.008218	-0.655598	32.815948	-70.465338
0.007883	-0.625461	32.957575	-70.53176125
0.007548	-0.595324	33.099202	-70.5981845
0.007213	-0.565187	33.240829	-70.66460775
0.006878	-0.53505	33.382456	-70.731031
0.0066685	-0.50518925	33.518336	-70.78425625
0.006459	-0.4753285	33.654216	-70.8374815
0.0062495	-0.44546775	33.790096	-70.89070675
0.00604	-0.415607	33.925976	-70.943932
0.0059615	-0.3859775	34.055894	-70.9839025
0.005883	-0.356348	34.185812	-71.023873
0.0058045	-0.3267185	34.31573	-71.0638435
0.005726	-0.297089	34.445648	-71.103814
0.00578225	-0.267645	34.56939275	-71.13048575
0.0058385	-0.238201	34.6931375	-71.1571575
0.00589475	-0.208757	34.81688225	-71.18382925
0.005951	-0.179313	34.940627	-71.210501
0.0061435	-0.15000875	35.0579925	-71.2238445
0.006336	-0.1207045	35.175358	-71.237188
0.0065285	-0.09140025	35.2927235	-71.2505315
0.006721	-0.062096	35.410089	-71.263875
0.0070495	-0.03288525	35.52087475	-71.263875
0.007378	-0.0036745	35.6316605	-71.263875
0.0077065	0.02553625	35.74244625	-71.263875
0.008035	0.054747	35.853232	-71.263875
0.00849725	0.08391175	35.95724475	-71.2505315
0.0089595	0.1130765	36.0612575	-71.237188
0.00942175	0.14224125	36.16527025	-71.2238445
0.009884	0.171406	36.269283	-71.210501
0.01047425	0.20057375	36.366338	-71.18382925
0.0110645	0.2297415	36.463393	-71.1571575
0.01165475	0.25890925	36.560448	-71.13048575
0.012245	0.288077	36.657503	-71.103814
0.01295525	0.31729825	36.747424	-71.0638435
0.0136655	0.3465195	36.837345	-71.023873
0.01437575	0.37574075	36.927266	-70.9839025
0.015086	0.404962	37.017187	-70.943932
0.01590375	0.43429075	37.09980725	-70.89070675
0.0167215	0.4636195	37.1824275	-70.8374815
0.01753925	0.49294825	37.26504775	-70.78425625
0.018357	0.522277	37.347668	-70.731031
0.01926475	0.55176975	37.42283025	-70.66460775
0.0201725	0.5812625	37.4979925	-70.5981845
0.02108025	0.61075525	37.57315475	-70.53176125
0.021988	0.640248	37.648317	-70.465338
0.0229625	0.66996575	37.715874	-70.38578575
0.023937	0.6996835	37.783431	-70.3062335
0.0249115	0.72940125	37.850988	-70.22668125
0.025886	0.759119	37.918545	-70.147129
0.02689725	0.78912775	37.97835975	-70.05452675
0.0279085	0.8191365	38.0381745	-69.9619245
0.02891975	0.84914525	38.09798925	-69.86932225
0.029931	0.879154	38.157804	-69.77672
0.03094025	0.90952525	38.209749	-69.6711555
0.0319495	0.9398965	38.261694	-69.565591
0.03295875	0.97026775	38.313639	-69.4600265
0.033968	1.000639	38.365584	-69.354462
0.03492725	1.03145175	38.4095405	-69.23602825
0.0358865	1.0622645	38.453497	-69.1175945
0.03684575	1.09307725	38.4974535	-68.99916075
0.037805	1.12389	38.54141	-68.880727
0.038655	1.155231	38.577268	-68.74952075
0.039505	1.186572	38.613126	-68.6183145
0.040355	1.217913	38.648984	-68.48710825
0.041205	1.249254	38.684842	-68.355902
0.041875	1.28121875	38.71249875	-68.21202
0.042545	1.3131835	38.7401555	-68.068138
0.043215	1.34514825	38.76781225	-67.924256
0.043885	1.377113	38.795469	-67.780374
0.044291	1.40980675	38.81482775	-67.62391025
0.044697	1.4425005	38.8341865	-67.4674465
0.045103	1.47519425	38.85354525	-67.31098275
0.045509	1.507888	38.872904	-67.154519
0.045553	1.5414265	38.883872	-66.9855595
0.045597	1.574965	38.89484	-66.8166
0.045641	1.6085035	38.905808	-66.6476405
0.045685	1.642042	38.916776	-66.478681
0.045255	1.6765525	38.919263	-66.29730125
0.044825	1.711063	38.92175	-66.1159215
0.044395	1.7455735	38.924237	-65.93454175
0.043965	1.780084	38.926724	-65.753162
0.04293475	1.815705	38.92064	-65.55942125
0.0419045	1.851326	38.914556	-65.3656805
0.04087425	1.886947	38.908472	-65.17193975
0.039844	1.922568	38.902388	-64.978199
0.03807275	1.95944975	38.88764075	-64.77213625
0.0363015	1.9963315	38.8728935	-64.5660735
0.03453025	2.03321325	38.85814625	-64.36001075
0.032759	2.070095	38.843399	-64.153948
0.030095	2.108398	38.819891	-63.93557725
0.027431	2.146701	38.796383	-63.7172065
0.024767	2.185004	38.772875	-63.49883575
0.022103	2.223307	38.749367	-63.280465
0.018384	2.263203	38.71699375	-63.04976925
0.014665	2.303099	38.6846205	-62.8190735
0.010946	2.342995	38.65224725	-62.58837775
0.007227	2.382891	38.619874	-62.357682
0.002284	2.42455925	38.57851975	-62.1146105
-0.002659	2.4662275	38.5371655	-61.871539
-0.007602	2.50789575	38.49581125	-61.6284675
-0.012545	2.549564	38.454457	-61.385396
-0.01888175	2.59318975	38.40399325	-61.1298575
-0.0252185	2.6368155	38.3535295	-60.874319
-0.03155525	2.68044125	38.30306575	-60.6187805
-0.037892	2.724067	38.252602	-60.363242
-0.045788	2.76983725	38.19288375	-60.0951025
-0.053684	2.8156075	38.1331655	-59.826963
-0.06158	2.86137775	38.07344725	-59.5588235
-0.069476	2.907148	38.013729	-59.290684
-0.0790835	2.95524825	37.9445925	-59.00976325
-0.088691	3.0033485	37.875456	-58.7288425
-0.0982985	3.05144875	37.8063195	-58.44792175
-0.107906	3.099549	37.737183	-58.167001
-0.1193535	3.15015575	37.65844475	-57.87307025
-0.130801	3.2007625	37.5797065	-57.5791395
-0.1422485	3.25136925	37.50096825	-57.28520875
-0.153696	3.301976	37.42223	-56.991278
-0.167077	3.35524975	37.333684	-56.68406
-0.180458	3.4085235	37.245138	-56.376842
-0.193839	3.46179725	37.156592	-56.069624
-0.20722	3.515071	37.068046	-55.762406
-0.2225775	3.571148	36.96946375	-55.4415765
-0.237935	3.627225	36.8708815	-55.120747
-0.2532925	3.683302	36.77229925	-54.7999175
-0.26865	3.739379	36.673717	-54.479088
-0.28595925	3.79836025	36.564849	-54.1442795
-0.3032685	3.8573415	36.455981	-53.809471
-0.32057775	3.91632275	36.347113	-53.4746625
-0.337887	3.975304	36.238245	-53.139854
-0.3570365	4.03724275	36.118821	-52.790663
-0.376186	4.0991815	35.999397	-52.441472
-0.3953355	4.16112025	35.879973	-52.092281
-0.414485	4.223059	35.760549	-51.74309
-0.4352545	4.28794725	35.63028375	-51.37908775
-0.456024	4.3528355	35.5000185	-51.0150855
-0.4767935	4.41772375	35.36975325	-50.65108325
-0.497563	4.482612	35.239488	-50.287081
-0.51959775	4.55036375	35.09808475	-49.90782775
-0.5416325	4.6181155	34.9566815	-49.5285745
-0.56366725	4.68586725	34.81527825	-49.14932125
-0.585702	4.753619	34.673875	-48.770068
-0.60848875	4.8240545	34.5210355	-48.37513225
-0.6312755	4.89449	34.368196	-47.9801965
-0.65406225	4.9649255	34.2153565	-47.58526075
-0.676849	5.035361	34.062517	-47.190325
-0.6996865	5.1081865	33.897951	-46.77930775
-0.722524	5.181012	33.733385	-46.3682905
-0.7453615	5.2538375	33.568819	-45.95727325
-0.768199	5.326663	33.404253	-45.546256
-0.79016975	5.4014515	33.22769225	-45.11882225
-0.8121405	5.47624	33.0511315	-44.6913885
-0.83411125	5.5510285	32.87457075	-44.26395475
-0.856082	5.625817	32.69801	-43.836521
-0.87602375	5.7019895	32.50922475	-43.39243425
-0.8959655	5.778162	32.3204395	-42.9483475
-0.91590725	5.8543345	32.13165425	-42.50426075
-0.935849	5.930507	31.942869	-42.060174
-0.95232725	6.0073105	31.7416895	-41.5993405
-0.9688055	6.084114	31.54051	-41.138507
-0.98528375	6.1609175	31.3393305	-40.6776735
-1.001762	6.237721	31.138151	-40.21684
-1.013046	6.31421125	30.9244895	-39.7393565
-1.02433	6.3907015	30.710828	-39.261873
-1.035614	6.46719175	30.4971665	-38.7843895
-1.046898	6.543682	30.283505	-38.306906
-1.05094025	6.61870575	30.05738475	-37.8131165
-1.0549825	6.6937295	29.8312645	-37.319327
-1.05902475	6.76875325	29.60514425	-36.8255375
-1.063067	6.843777	29.379024	-36.331748
-1.05749025	6.91596	29.140609	-35.8223035
-1.0519135	6.988143	28.902194	-35.312859
-1.04633675	7.060326	28.663779	-34.8034145
-1.04076	7.132509	28.425364	-34.29397
-1.0228535	7.20024725	28.1749935	-33.76989475
-1.004947	7.2679855	27.924623	-33.2458195
-0.9870405	7.33572375	27.6742525	-32.72174425
-0.969134	7.403462	27.423882	-32.197669
-0.935863	7.4649215	27.1621055	-31.66042825
-0.902592	7.526381	26.900329	-31.1231875
-0.869321	7.5878405	26.6385525	-30.58594675
-0.83605	7.6493	26.376776	-30.048706
-0.78407925	7.70242525	26.10439175	-29.500275
-0.7321085	7.7555505	25.8320075	-28.951844
-0.68013775	7.80867575	25.55962325	-28.403413
-0.628167	7.861801	25.287239	-27.854982
-0.553907	7.90433475	25.00533	-27.297912
-0.479647	7.9468685	24.723421	-26.740842
-0.405387	7.98940225	24.441512	-26.183772
-0.331127	8.031936	24.159603	-25.626702
-0.2308015	8.06145525	23.86957175	-25.06417925
-0.130476	8.0909745	23.5795405	-24.5016565
-0.0301505	8.12049375	23.28950925	-23.93913375
0.070175	8.150013	22.999478	-23.376611
0.200431	8.16397975	22.70307675	-22.8125015
0.330687	8.1779465	22.4066755	-22.248392
0.460943	8.19191325	22.11027425	-21.6842825
0.591199	8.20588	21.813873	-21.120173
0.75520975	8.20171725	21.5132235	-20.55904725
0.9192205	8.1975545	21.212574	-19.9979215
1.08323125	8.19339175	20.9119245	-19.43679575
1.247242	8.189229	20.611275	-18.87567
1.4486205	8.16441625	20.30887525	-18.32279575
1.649999	8.1396035	20.0064755	-17.7699215
1.8513775	8.11479075	19.70407575	-17.21704725
2.052756	8.089978	19.401676	-16.664173
2.2946935	8.0421775	19.10038575	-16.12546175
2.536631	7.994377	18.7990955	-15.5867505
2.7785685	7.9465765	18.49780525	-15.04803925
3.020506	7.898776	18.196515	-14.509328
3.3055125	7.82598975	17.8995085	-13.99121475
3.590519	7.7532035	17.602502	-13.4731015
3.8755255	7.68041725	17.3054955	-12.95498825
4.160532	7.607631	17.008489	-12.436875
4.49012475	7.50839025	16.719159	-11.94609075
4.8197175	7.4091495	16.429829	-11.4553065
5.14931025	7.30990875	16.140499	-10.96452225
5.478903	7.210668	15.851169	-10.473738
5.853243	7.08426225	15.57290625	-10.01683975
6.227583	6.9578565	15.2946435	-9.5599415
6.601923	6.83145075	15.01638075	-9.10304325
6.976263	6.705045	14.738118	-8.646145
7.39373225	6.55177775	14.47391625	-8.228676
7.8112015	6.3985105	14.2097145	-7.811207
8.22867075	6.24524325	13.94551275	-7.393738
8.64614	6.091976	13.681311	-6.976269