6.226533	7.265121	12.656465	-4.981376
6.56946475	7.14082075	12.458985250000001	-4.7039705000000005
6.9123965	7.0165205	12.2615055	-4.426565
7.25532825	6.89222025	12.064025749999999	-4.1491595
7.59826	6.76792	11.866546	-3.871754
7.969224499999999	6.62339875	11.6812785	-3.628982
8.340188999999999	6.4788775	11.496011	-3.38621
8.711153499999998	6.334356250000001	11.310743500000001	-3.143438
9.082118	6.189835	11.125476	-2.900666
9.47668325	6.0272095000000006	10.952817500000002	-2.69201725
9.8712485	5.864584000000001	10.780159000000001	-2.4833685
10.26581375	5.7019585	10.6075005	-2.27471975
10.660379	5.539333	10.434842	-2.066071
11.07385575	5.3609425	10.2747975	-1.89008825
11.4873325	5.182551999999999	10.114753	-1.7141055
11.90080925	5.0041614999999995	9.954708499999999	-1.5381227499999999
12.314286	4.825771	9.794664	-1.36214
12.74206175	4.633991999999999	9.64693575	-1.21668425
13.1698375	4.442213	9.4992075	-1.0712285
13.59761325	4.250434	9.35147925	-0.9257727499999999
14.025389	4.058655	9.203751	-0.780317
14.463105500000001	3.85579475	9.06781275	-0.662795
14.900822000000002	3.6529344999999998	8.9318745	-0.545273
15.338538500000002	3.45007425	8.79593625	-0.427751
15.776255	3.247214	8.659998	-0.310229
16.21991275	3.0354442500000003	8.535162	-0.217781
16.6635705	2.8236745	8.410326	-0.125333
17.10722825	2.61190475	8.28549	-0.032885
17.550886	2.400135	8.160654	0.059563
17.99690475	2.18144725	8.04612575	0.1299125
18.4429235	1.9627595000000002	7.9315975	0.200262
18.88894225	1.7440717500000003	7.817069249999999	0.2706115
19.334961	1.525384	7.702541	0.340961
19.780206	1.30156675	7.59746625	0.39218200000000003
20.225451	1.0777495	7.4923915	0.443403
20.670696	0.85393225	7.38731675	0.494624
21.115941	0.630115	7.282242	0.545845
21.5577245	0.40274275	7.18574275	0.58081125
21.999508	0.17537049999999998	7.0892435	0.6157775000000001
22.4412915	-0.05200175000000001	6.99274425	0.6507437500000001
22.883075	-0.279374	6.896245	0.68571
23.319141000000002	-0.50894	6.8074505	0.7071315
23.755207	-0.738506	6.718656	0.728553
24.191273	-0.968072	6.6298615000000005	0.7499745
24.627339	-1.197638	6.541067	0.771396
25.055836749999997	-1.42824175	6.4591347500000005	0.78177175
25.4843345	-1.6588455	6.3772025	0.7921475
25.91283225	-1.88944925	6.29527025	0.80252325
26.34133	-2.120053	6.213338	0.812899
26.76077825	-2.35073125	6.13747125	0.814489
27.1802265	-2.5814095	6.0616045	0.816079
27.59967475	-2.81208775	5.98573775	0.817669
28.019123	-3.042766	5.909871	0.819259
28.42837075	-3.2727304999999998	5.8393295	0.81406975
28.837618499999998	-3.502695	5.768788	0.8088805
29.246866249999997	-3.7326595	5.6982465	0.80369125
29.656114	-3.962624	5.627705	0.798502
30.054299	-4.1912445	5.561812	0.7882822500000001
30.452484	-4.419865	5.495919	0.7780625000000001
30.850669	-4.6484855	5.430026	0.76784275
31.248854	-4.877106	5.364133	0.757623
31.635361	-5.103889000000001	5.302279	0.7438695
32.021868	-5.330672	5.240425	0.730116
32.408375	-5.557455	5.178571	0.7163625
32.794882	-5.784238	5.116717	0.702609
33.1693035	-6.00880775	5.058360500000001	0.6865792500000001
33.543725	-6.2333775	5.000004000000001	0.6705495
33.918146500000006	-6.45794725	4.9416475	0.65451975
34.292568	-6.682517	4.883291	0.63849
34.65466525	-6.90459725	4.82795625	0.62121825
35.0167625	-7.1266774999999996	4.7726215	0.6039464999999999
35.378859750000004	-7.34875775	4.7172867499999995	0.58667475
35.740957	-7.570838	4.661952	0.569403
36.090627	-7.79023275	4.609226250000001	0.5517205000000001
36.440297	-8.0096275	4.5565005	0.534038
36.789967000000004	-8.22902225	4.50377475	0.5163555
37.139637	-8.448417	4.451049	0.498673
37.47688075000001	-8.66499525	4.4005790000000005	0.48122975
37.814124500000005	-8.8815735	4.350109	0.4637865
38.151368250000004	-9.09815175	4.299639	0.44634324999999997
38.488612	-9.31473	4.249169	0.4289
38.813507	-9.528410000000001	4.200654500000001	0.41218625
39.138402	-9.742090000000001	4.15214	0.3954725
39.463297	-9.955770000000001	4.1036255	0.37875875000000003
39.788192	-10.16945	4.055111	0.362045
40.10086975	-10.380187499999998	4.0083005	0.34641350000000004
40.4135475	-10.590924999999999	3.96149	0.330782
40.72622525	-10.801662499999999	3.9146795	0.3151505
41.038903	-11.0124	3.867869	0.299519
41.33952875	-11.22017525	3.82255275	0.2852065
41.640154499999994	-11.4279505	3.7772365	0.27089399999999997
41.940780249999996	-11.635725749999999	3.73192025	0.2565815
42.241406	-11.843501	3.686604	0.242269
42.53016275	-12.0483105	3.6426105	0.22941525000000001
42.8189195	-12.25312	3.598617	0.21656150000000002
43.10767625	-12.457929499999999	3.5546235	0.20370775000000002
43.396433	-12.662739	3.51063	0.190854
43.67350825	-12.86458675	3.46781825	0.17952125000000002
43.9505835	-13.0664345	3.4250065000000003	0.16818850000000002
44.22765875	-13.268282249999999	3.38219475	0.15685575000000002
44.504734	-13.47013	3.339383	0.145523
44.770309499999996	-13.669021	3.2976392500000005	0.1357105
45.035885	-13.867912	3.2558955000000003	0.125898
45.301460500000005	-14.066803	3.21415175	0.11608550000000001
45.567036	-14.265694	3.172408	0.106273
45.82128075	-14.46162975	3.13164025	0.09793375
46.0755255	-14.6575655	3.0908724999999997	0.0895945
46.329770249999996	-14.85350125	3.05010475	0.08125525
46.584015	-15.049437	3.009337	0.072916
46.827079	-15.24241075	2.96947125	0.06596725
47.070143	-15.4353845	2.9296055	0.0590185
47.313207000000006	-15.62835825	2.88973975	0.05206975
47.556271	-15.821332	2.849874	0.045121
47.7882825	-16.0113265	2.81085	0.039456000000000005
48.020294	-16.201321	2.771826	0.033791
48.2523055	-16.391315499999997	2.732802	0.028125999999999998
48.484317	-16.58131	2.693778	0.022461
48.705380500000004	-16.768295	2.65554675	0.01795825
48.926444000000004	-16.95528	2.6173155	0.013455499999999999
49.1475075	-17.142265	2.57908425	0.008952749999999999
49.368571	-17.32925	2.540853	0.00445
49.57876675	-17.5131815	2.50337325	0.0009795000000000001
49.7889625	-17.697113	2.4658935	-0.0024909999999999997
49.999158249999994	-17.8810445	2.42841375	-0.0059615
50.209354	-18.064976	2.390934	-0.009432
50.40873775	-18.2457955	2.35417	-0.012002249999999999
50.608121499999996	-18.426614999999998	2.317406	-0.0145725
50.80750525	-18.607434499999997	2.2806420000000003	-0.017142750000000002
51.006889	-18.788254	2.243878	-0.019713
51.19549475	-18.965888999999997	2.207799	-0.02151225
51.3841005	-19.143524	2.17172	-0.0233115
51.572706249999996	-19.321159	2.135641	-0.02511075
51.761312	-19.498794	2.099562	-0.02691
51.93915199999999	-19.673157500000002	2.064138	-0.028061750000000003
52.116991999999996	-19.847521	2.028714	-0.029213500000000003
52.294832	-20.0218845	1.99329	-0.030365250000000003
52.472672	-20.196248	1.957866	-0.031517
52.639741	-20.367240000000002	1.92306975	-0.032137
52.80681	-20.538232	1.8882735	-0.032757
52.973879	-20.709224	1.85347725	-0.033377000000000004
53.140948	-20.880216	1.818681	-0.033997
53.29722425	-21.047724000000002	1.7844837500000001	-0.03419075
53.453500500000004	-21.215232	1.7502865	-0.0343845
53.60977675	-21.38274	1.71608925	-0.03457825
53.766053	-21.550248	1.681892	-0.034772
53.911502	-21.714149	1.648266	-0.03463475
54.056951	-21.87805	1.61464	-0.0344975
54.2024	-22.041951	1.5810140000000001	-0.03436025
54.347849	-22.205852	1.547388	-0.034223
54.4824255	-22.366012	1.5143035	-0.033839
54.617002	-22.526172000000003	1.4812189999999998	-0.033455
54.7515785	-22.686332	1.4481344999999999	-0.033071
54.886155	-22.846492	1.41505	-0.032687
55.009806	-23.002769999999998	1.3824764999999999	-0.032129500000000005
55.133457	-23.159048	1.3499029999999999	-0.031572
55.257108	-23.315326	1.3173295	-0.0310145
55.380759	-23.471604	1.284756	-0.030457
55.49342675	-23.623851	1.2526614999999999	-0.029789250000000003
55.6060945	-23.776097999999998	1.220567	-0.0291215
55.71876225	-23.928345	1.1884725	-0.02845375
55.83143	-24.080592	1.156378	-0.027786
55.93305375	-24.228653	1.12472925	-0.027061750000000002
56.0346775	-24.376714	1.0930805	-0.0263375
56.13630125	-24.524774999999998	1.06143175	-0.02561325
56.237925	-24.672836	1.029783	-0.024889
56.32844349999999	-24.81655275	0.9985445	-0.0241525
56.41896199999999	-24.960269500000003	0.967306	-0.023416
56.509480499999995	-25.103986250000002	0.9360675	-0.0226795
56.599999	-25.247703	0.904829	-0.021943
56.679353	-25.386913	0.8739647500000001	-0.02123125
56.758707	-25.526123	0.8431005	-0.0205195
56.838060999999996	-25.665332999999997	0.81223625	-0.01980775
56.917415	-25.804543	0.781372	-0.019096
56.98554849999999	-25.939082499999998	0.7508444999999999	-0.018438499999999997
57.053681999999995	-26.073622	0.720317	-0.017780999999999998
57.1218155	-26.208161500000003	0.6897895	-0.0171235
57.189949	-26.342701	0.659262	-0.016466
57.246811	-26.47240575	0.6290322500000001	-0.01588625
57.303673	-26.602110500000002	0.5988025	-0.0153065
57.360535	-26.73181525	0.56857275	-0.01472675
57.417397	-26.86152	0.538343	-0.014147
57.462942749999996	-26.986226	0.508371	-0.0136635
57.5084885	-27.110932	0.478399	-0.01318
57.55403425	-27.235638	0.448427	-0.0126965
57.59958	-27.360344	0.418455	-0.012213
57.633773000000005	-27.4798885	0.38869975	-0.011839249999999999
57.667966	-27.599433	0.3589445	-0.0114655
57.702158999999995	-27.7189775	0.32918925	-0.011091750000000001
57.736352	-27.838522	0.299434	-0.010718
57.7591635	-27.952745	0.26985349999999997	-0.0104635
57.781975	-28.066968000000003	0.240273	-0.010209
57.804786500000006	-28.181191000000002	0.2106925	-0.0099545
57.827598	-28.295414	0.181112	-0.0097
57.839008500000006	-28.40415875	0.151663	-0.0095715
57.850419	-28.5129035	0.12221399999999999	-0.009443
57.8618295	-28.62164825	0.09276499999999999	-0.0093145
57.87324	-28.730393	0.063316	-0.009186
57.87324	-28.8335065	0.03395425	-0.009186
57.87324	-28.936619999999998	0.004592499999999999	-0.009186
57.87324	-29.039733499999997	-0.02476925	-0.009186
57.87324	-29.142847	-0.054131	-0.009186
57.8618295	-29.24018125	-0.08345125	-0.0093145
57.850419	-29.337515500000002	-0.1127715	-0.009443
57.839008500000006	-29.43484975	-0.14209175000000002	-0.0095715
57.827598	-29.532184	-0.171412	-0.0097
57.804786500000006	-29.6235955	-0.200738	-0.0099545
57.781975	-29.715007	-0.230064	-0.010209
57.7591635	-29.8064185	-0.25939	-0.0104635
57.736352	-29.89783	-0.288716	-0.010718
57.702158999999995	-29.9831815	-0.3180975	-0.011091750000000001
57.667966	-30.068533	-0.347479	-0.0114655
57.633773000000005	-30.153884499999997	-0.3768605	-0.011839249999999999
57.59958	-30.239236	-0.406242	-0.012213
57.55403425	-30.318396	-0.4357305	-0.0126965
57.5084885	-30.397556	-0.465219	-0.01318
57.462942749999996	-30.476716000000003	-0.49470749999999997	-0.0136635
57.417397	-30.555876	-0.524196	-0.014147
57.360535	-30.628719000000004	-0.55384625	-0.01472675
57.303673	-30.701562000000003	-0.5834965	-0.0153065
57.246811	-30.774405	-0.61314675	-0.01588625
57.189949	-30.847248	-0.642797	-0.016466
57.1218155	-30.913654	-0.6726669999999999	-0.0171235
57.053681999999995	-30.98006	-0.702537	-0.017780999999999998
56.98554849999999	-31.046466000000002	-0.732407	-0.018438499999999997
56.917415	-31.112872	-0.762277	-0.019096
56.838060999999996	-31.17272825	-0.79242925	-0.01980775
56.758707	-31.2325845	-0.8225815	-0.0205195
56.679353	-31.29244075	-0.85273375	-0.02123125
56.599999	-31.352297	-0.882886	-0.021943
56.509480499999995	-31.405495000000002	-0.9133879999999999	-0.0226795
56.41896199999999	-31.458693	-0.9438899999999999	-0.023416
56.32844349999999	-31.511891	-0.9743919999999999	-0.0241525
56.237925	-31.565089	-1.004894	-0.024889
56.13630125	-31.6115265	-1.0358185	-0.02561325
56.0346775	-31.657964	-1.066743	-0.0263375
55.93305375	-31.7044015	-1.0976675	-0.027061750000000002
55.83143	-31.750839	-1.128592	-0.027786
55.71876225	-31.790418	-1.1600187499999999	-0.02845375
55.6060945	-31.829997	-1.1914455	-0.0291215
55.49342675	-31.869576	-1.22287225	-0.029789250000000003
55.380759	-31.909155	-1.254299	-0.030457
55.257108	-31.941781999999996	-1.286315	-0.0310145
55.133457	-31.974408999999998	-1.3183310000000001	-0.031572
55.009806	-32.007036	-1.3503470000000002	-0.032129500000000005
54.886155	-32.039663	-1.382363	-0.032687
54.7515785	-32.06524675	-1.4150635	-0.033071
54.617002	-32.090830499999996	-1.447764	-0.033455
54.4824255	-32.11641425	-1.4804645	-0.033839
54.347849	-32.141998	-1.513165	-0.034223
54.2024	-32.16044975	-1.54665375	-0.03436025
54.056951	-32.1789015	-1.5801425	-0.0344975
53.911502	-32.197353250000006	-1.61363125	-0.03463475
53.766053	-32.215805	-1.64712	-0.034772
53.60977675	-32.22703675	-1.68151075	-0.03457825
53.453500500000004	-32.238268500000004	-1.7159015	-0.0343845
53.29722425	-32.24950025	-1.75029225	-0.03419075
53.140948	-32.260732	-1.784683	-0.033997
52.973879	-32.264655	-1.8200995	-0.033377000000000004
52.80681	-32.268578	-1.8555160000000002	-0.032757
52.639741	-32.272501	-1.8909325000000001	-0.032137
52.472672	-32.276424	-1.926349	-0.031517
52.294832	-32.27294725	-1.96292475	-0.030365250000000003
52.116991999999996	-32.2694705	-1.9995005000000001	-0.029213500000000003
51.93915199999999	-32.26599375	-2.0360762500000003	-0.028061750000000003
51.761312	-32.262517	-2.072652	-0.02691
51.572706249999996	-32.2515465	-2.11053025	-0.02511075
51.3841005	-32.240576000000004	-2.1484085000000004	-0.0233115
51.19549475	-32.229605500000005	-2.1862867500000003	-0.02151225
51.006889	-32.218635	-2.224165	-0.019713
50.80750525	-32.200070749999995	-2.2634990000000004	-0.017142750000000002
50.608121499999996	-32.1815065	-2.302833	-0.0145725
50.40873775	-32.16294225	-2.342167	-0.012002249999999999
50.209354	-32.144378	-2.381501	-0.009432
49.999158249999994	-32.118113750000006	-2.4224515	-0.0059615
49.7889625	-32.0918495	-2.4634020000000003	-0.0024909999999999997
49.57876675	-32.06558525	-2.5043525000000004	0.0009795000000000001
49.368571	-32.039321	-2.545303	0.00445
49.1475075	-32.0052425	-2.58803725	0.008952749999999999
48.926444000000004	-31.971164	-2.6307715	0.013455499999999999
48.705380500000004	-31.937085500000002	-2.67350575	0.01795825
48.484317	-31.903007	-2.71624	0.022461
48.2523055	-31.86098975	-2.76092875	0.028125999999999998
48.020294	-31.8189725	-2.8056175000000003	0.033791
47.7882825	-31.77695525	-2.85030625	0.039456000000000005
47.556271	-31.734938	-2.894995	0.045121
47.313207000000006	-31.684848	-2.9418095	0.05206975
47.070143	-31.634757999999998	-2.988624	0.0590185
46.827079	-31.584668	-3.0354385	0.06596725
46.584015	-31.534578	-3.082253	0.072916
46.329770249999996	-31.476269000000002	-3.13136	0.08125525
46.0755255	-31.41796	-3.180467	0.0895945
45.82128075	-31.359651	-3.2295740000000004	0.09793375
45.567036	-31.301342	-3.278681	0.106273
45.301460500000005	-31.234657500000004	-3.3302370000000003	0.11608525
45.035885	-31.167973000000003	-3.381793	0.1258975
44.770309499999996	-31.101288500000003	-3.4333489999999998	0.13570975000000002
44.504734	-31.034604	-3.484905	0.145522
44.22765875	-30.9593765	-3.53904975	0.15685500000000002
43.9505835	-30.884149	-3.5931945	0.168188
43.67350825	-30.8089215	-3.64733925	0.179521
43.396433	-30.733694	-3.701484	0.190854
43.10767625	-30.64974675	-3.7583312500000003	0.20370775000000002
42.8189195	-30.5657995	-3.8151785	0.21656150000000002
42.53016275	-30.481852250000003	-3.8720257499999997	0.22941525000000001
42.241406	-30.397905	-3.928873	0.242269
41.940780249999996	-30.3050545	-3.98850175	0.2565815
41.640154499999994	-30.212204	-4.0481305	0.27089399999999997
41.33952875	-30.119353500000003	-4.10775925	0.2852065
41.038903	-30.026503	-4.167388	0.299519
40.726225	-29.9245625	-4.229830249999999	0.3151505
40.413546999999994	-29.822622000000003	-4.292272499999999	0.330782
40.100868999999996	-29.7206815	-4.354714749999999	0.34641350000000004
39.788191	-29.618741	-4.417157	0.362045
39.463296	-29.507526249999998	-4.48238525	0.37875875000000003
39.138401	-29.3963115	-4.5476135	0.3954725
38.813506000000004	-29.28509675	-4.612841749999999	0.41218625
38.488611	-29.173882	-4.67807	0.4289
38.1513675	-29.053216499999998	-4.74598325	0.44634324999999997
37.814124	-28.932551	-4.8138965	0.4637865
37.4768805	-28.811885500000002	-4.88180975	0.48122975
37.139637	-28.69122	-4.949723	0.498673
36.789966750000005	-28.56094475	-5.02013075	0.5163555
36.4402965	-28.4306695	-5.090538499999999	0.534038
36.09062625	-28.30039425	-5.160946249999999	0.5517205000000001
35.740956	-28.170119	-5.231354	0.569403
35.37885875	-28.03010175	-5.3039605	0.58667475
35.0167615	-27.8900845	-5.376567	0.6039464999999999
34.654664249999996	-27.75006725	-5.4491735	0.62121825
34.292567	-27.61005	-5.52178	0.63849
33.918145499999994	-27.4601985	-5.5961665	0.65451975
33.543724	-27.310347	-5.670553	0.6705495
33.1693025	-27.1604955	-5.7449395	0.6865792500000001
32.794881	-27.010644	-5.819326	0.702609
32.408373999999995	-26.85091975	-5.8949335000000005	0.7163625
32.021867	-26.6911955	-5.970541000000001	0.730116
31.63536	-26.53147125	-6.046148500000001	0.7438695
31.248853	-26.371747	-6.121756	0.757623
30.850668	-26.2021825	-6.19786875	0.76784275
30.452483	-26.032618	-6.2739815	0.7780625000000001
30.054298000000003	-25.8630535	-6.35009425	0.7882822500000001
29.656113	-25.693489	-6.426207	0.798502
29.24686525	-25.514206	-6.50193775	0.80369125
28.8376175	-25.334923	-6.5776685	0.8088805
28.42836975	-25.15564	-6.65339925	0.81406975
28.019122	-24.976357	-6.72913	0.819259
27.59967375	-24.78758675	-6.80340675	0.817669
27.1802255	-24.598816499999998	-6.8776835	0.816079
26.76077725	-24.41004625	-6.95196025	0.814489
26.341329	-24.221276	-7.026237	0.812899
25.912831	-24.023381999999998	-7.0977935	0.80252325
25.484333	-23.825488	-7.16935	0.7921475
25.055835000000002	-23.627594000000002	-7.2409064999999995	0.78177175
24.627337	-23.4297	-7.312463	0.771396
24.191271	-23.22319975	-7.379836	0.7499745
23.755205	-23.0166995	-7.447209	0.728553
23.319139	-22.81019925	-7.514582	0.7071315
22.883073	-22.603699	-7.581955	0.68571
22.4412895	-22.389288	-7.64348775	0.6507437500000001
21.999506	-22.174877	-7.7050205	0.6157775000000001
21.5577225	-21.960465999999997	-7.766553249999999	0.58081125
21.115939	-21.746055	-7.828086	0.545845
20.67069425	-21.524627499999998	-7.88194	0.494624
20.2254495	-21.303199999999997	-7.935794	0.443403
19.78020475	-21.0817725	-7.989648	0.39218200000000003
19.33496	-20.860345	-8.043502	0.340961
18.888941	-20.633013749999996	-8.08768075	0.2706115
18.442922	-20.405682499999998	-8.131859500000001	0.200262
17.996903	-20.17835125	-8.176038250000001	0.1299125
17.550884	-19.95102	-8.220217	0.059563
17.1072265	-19.71913225	-8.252604999999999	-0.032885
16.663569	-19.4872445	-8.284993	-0.125333
16.2199115	-19.255356749999997	-8.317381000000001	-0.217781
15.776254	-19.023469	-8.349769	-0.310229
15.33853775	-18.7886125	-8.36818525	-0.42775075
14.9008215	-18.553756	-8.386601500000001	-0.5452725
14.46310525	-18.3188995	-8.40501775	-0.66279425
14.025389	-18.084043	-8.423434	-0.780316
13.59761325	-17.848046500000002	-8.4257065	-0.925772
13.1698375	-17.61205	-8.427979	-1.071228
12.74206175	-17.376053499999998	-8.4302515	-1.2166839999999999
12.314286	-17.140057	-8.432524	-1.36214
11.9008095	-16.90497075	-8.4165855	-1.5381227499999999
11.487333	-16.669884500000002	-8.400647	-1.7141055
11.0738565	-16.43479825	-8.384708499999999	-1.89008825
10.66038	-16.199712	-8.36877	-2.066071
10.265815	-15.9677725	-8.332780249999999	-2.2747195
9.87125	-15.735833	-8.2967905	-2.483368
9.476685	-15.5038935	-8.260800750000001	-2.6920165000000003
9.08212	-15.271954	-8.224811	-2.900665
8.7111555	-15.045510749999998	-8.16730625	-3.14343725
8.340191	-14.8190675	-8.1098015	-3.3862095
7.9692265	-14.59262425	-8.05229675	-3.6289817500000003
7.598262	-14.366181	-7.994792	-3.871754
7.255330750000001	-14.14754975	-7.914866	-4.1491595
6.9123995	-13.9289185	-7.83494	-4.426565
6.56946825	-13.71028725	-7.755013999999999	-4.7039705000000005
6.226537	-13.491656	-7.675088	-4.981376
5.9152467500000006	-13.28285825	-7.57259575	-5.29266625
5.603956500000001	-13.074060500000002	-7.4701035000000005	-5.603956500000001
5.29266625	-12.865262750000001	-7.36761125	-5.9152467500000006
4.981376	-12.656465	-7.265119	-6.226537