-0.536587	0.295668	0.022147	3e-06
-0.49868575000000004	0.27774849999999995	0.02155175	3e-06
-0.46078450000000004	0.259829	0.0209565	3e-06
-0.42288325000000004	0.2419095	0.020361249999999997	3e-06
-0.384982	0.22399	0.019766	3e-06
-0.33157274999999997	0.19830975	0.018786999999999998	3e-06
-0.2781635	0.1726295	0.017807999999999997	3e-06
-0.22475425	0.14694925	0.016828999999999997	3e-06
-0.171345	0.121269	0.01585	3e-06
-0.09987125	0.08650625	0.01441025	3e-06
-0.0283975	0.0517435	0.0129705	3e-06
0.043076249999999996	0.01698075	0.01153075	3e-06
0.11455	-0.017782	0.010091	3e-06
0.20668725	-0.0629825	0.00810825	3e-06
0.2988245	-0.108183	0.0061255	3e-06
0.39096175	-0.1533835	0.00414275	3e-06
0.483099	-0.198584	0.00216	3e-06
0.59844975	-0.25556425	-0.0004502499999999999	3e-06
0.7138005	-0.3125445	-0.0030605	3e-06
0.82915125	-0.36952475	-0.0056707500000000004	3e-06
0.944502	-0.426505	-0.008281	3e-06
1.08544675	-0.49653725	-0.011604	2.75e-06
1.2263915	-0.5665695	-0.014927	2.4999999999999998e-06
1.3673362500000001	-0.63660175	-0.01825	2.2499999999999996e-06
1.508281	-0.706634	-0.021573	2e-06
1.676882	-0.79084475	-0.025691	2e-06
1.8454830000000002	-0.8750555	-0.029809000000000002	2e-06
2.0140840000000004	-0.95926625	-0.033927	2e-06
2.182685	-1.043477	-0.038045	2e-06
2.38050575	-1.1427589999999999	-0.0430325	1.75e-06
2.5783265	-1.242041	-0.04802	1.5e-06
2.77614725	-1.341323	-0.0530075	1.2499999999999999e-06
2.973968	-1.440605	-0.057995	1e-06
3.2018560000000003	-1.5555075	-0.063914	5e-07
3.4297440000000003	-1.67041	-0.06983299999999999	0.0
3.6576320000000004	-1.7853124999999999	-0.07575199999999999	-5e-07
3.88552	-1.900215	-0.081671	-1e-06
4.143354	-2.03081775	-0.08856425	-1.2499999999999999e-06
4.401188	-2.1614205	-0.0954575	-1.5e-06
4.659022	-2.29202325	-0.10235074999999999	-1.75e-06
4.916856	-2.422626	-0.109244	-2e-06
5.203343	-2.5684352500000003	-0.11712899999999998	-2.4999999999999998e-06
5.4898299999999995	-2.7142445000000004	-0.125014	-3e-06
5.776317	-2.8600537500000005	-0.132899	-3.5e-06
6.062804	-3.005863	-0.140784	-4e-06
6.375549749999999	-3.1658437500000005	-0.14964925	-4.75e-06
6.6882955	-3.3258245000000004	-0.1585145	-5.5e-06
7.00104125	-3.4858052500000003	-0.16737975	-6.2499999999999995e-06
7.313787	-3.645786	-0.176245	-7e-06
7.649680999999999	-3.81854725	-0.18605425000000003	-7.75e-06
7.985575	-3.9913085	-0.19586350000000002	-8.5e-06
8.321469	-4.16406975	-0.20567275000000002	-9.250000000000001e-06
8.657363	-4.336831	-0.215482	-1e-05
9.01299475	-4.5208285	-0.22617925	-1.075e-05
9.368626500000001	-4.704826000000001	-0.2368765	-1.15e-05
9.724258250000002	-4.888823500000001	-0.24757374999999998	-1.225e-05
10.07989	-5.072821	-0.258271	-1.3e-05
10.451807250000002	-5.2664807499999995	-0.26978775	-1.425e-05
10.8237245	-5.4601405	-0.28130449999999996	-1.55e-05
11.19564175	-5.65380025	-0.29282125	-1.675e-05
11.567559	-5.84746	-0.304338	-1.8e-05
11.95240825	-6.049244	-0.3165985	-1.9e-05
12.3372575	-6.251028	-0.328859	-1.9999999999999998e-05
12.72210675	-6.452812	-0.3411195	-2.1e-05
13.106956	-6.654596	-0.35338	-2.2e-05
13.501577000000001	-6.86304825	-0.36630525	-2.325e-05
13.896198	-7.0715005	-0.3792305	-2.45e-05
14.290818999999999	-7.27995275	-0.39215575	-2.575e-05
14.68544	-7.488405	-0.405081	-2.7e-05
15.08692225	-7.70217675	-0.41859275	-2.85e-05
15.4884045	-7.9159485	-0.4321045	-3e-05
15.889886749999999	-8.12972025	-0.44561625	-3.15e-05
16.291369	-8.343492	-0.459128	-3.3e-05
16.697083749999997	-8.561359499999998	-0.47314999999999996	-3.4250000000000006e-05
17.1027985	-8.779226999999999	-0.487172	-3.55e-05
17.50851325	-8.9970945	-0.501194	-3.675e-05
17.914228	-9.214962	-0.515216	-3.8e-05
18.32184175	-9.435830750000001	-0.5296777500000001	-3.95e-05
18.7294555	-9.6566995	-0.5441395	-4.1e-05
19.13706925	-9.87756825	-0.5586012499999999	-4.25e-05
19.544683	-10.098437	-0.573063	-4.4e-05
19.9521555	-10.32134375	-0.58789925	-4.55e-05
20.359628	-10.5442505	-0.6027355	-4.7000000000000004e-05
20.767100499999998	-10.76715725	-0.61757175	-4.85e-05
21.174573	-10.990064	-0.632408	-5e-05
21.58014575	-11.2141695	-0.64756125	-5.1500000000000005e-05
21.985718499999997	-11.438275	-0.6627145	-5.3e-05
22.39129125	-11.662380500000001	-0.67786775	-5.4499999999999997e-05
22.796864	-11.886486	-0.693021	-5.6e-05
23.19904025	-12.111068499999998	-0.7084405	-5.7249999999999996e-05
23.6012165	-12.335650999999999	-0.72386	-5.85e-05
24.00339275	-12.560233499999999	-0.7392795	-5.975e-05
24.405569	-12.784816	-0.754699	-6.1e-05
24.8030905	-13.009259499999999	-0.7703415	-6.225e-05
25.200612	-13.233702999999998	-0.785984	-6.35e-05
25.5981335	-13.458146499999998	-0.8016265	-6.475e-05
25.995655	-13.68259	-0.817269	-6.6e-05
26.3874755	-13.90637225	-0.8330985	-6.675e-05
26.779296000000002	-14.1301545	-0.848928	-6.75e-05
27.171116500000004	-14.353936749999999	-0.8647575000000001	-6.825e-05
27.562937	-14.577719	-0.880587	-6.9e-05
27.94819375	-14.80039925	-0.8965745	-6.925e-05
28.3334505	-15.0230795	-0.912562	-6.95e-05
28.71870725	-15.24575975	-0.9285494999999999	-6.974999999999999e-05
29.103964	-15.46844	-0.944537	-7e-05
29.481951000000002	-15.689646749999998	-0.96065975	-6.974999999999999e-05
29.859938	-15.910853499999998	-0.9767825	-6.95e-05
30.237925	-16.13206025	-0.99290525	-6.925e-05
30.615912	-16.353267	-1.009028	-6.9e-05
30.98605325	-16.57268475	-1.02526925	-6.775e-05
31.3561945	-16.7921025	-1.0415105	-6.649999999999999e-05
31.72633575	-17.011520249999997	-1.05775175	-6.524999999999999e-05
32.096477	-17.230938	-1.073993	-6.4e-05
32.458301750000004	-17.448297750000002	-1.0903412499999998	-6.199999999999999e-05
32.8201265	-17.665657500000002	-1.1066894999999999	-5.9999999999999995e-05
33.18195125	-17.88301725	-1.12303775	-5.8e-05
33.543776	-18.100377	-1.139386	-5.6e-05
33.89689625	-18.3154435	-1.15583375	-5.25e-05
34.2500165	-18.53051	-1.1722815	-4.9e-05
34.603136750000004	-18.7455765	-1.18872925	-4.5499999999999995e-05
34.956257	-18.960643	-1.205177	-4.2e-05
35.30034725	-19.17320725	-1.22172175	-3.725e-05
35.644437499999995	-19.3857715	-1.2382665	-3.25e-05
35.988527749999996	-19.59833575	-1.25481125	-2.7749999999999997e-05
36.332618	-19.8109	-1.271356	-2.3e-05
36.6673985	-20.020770499999998	-1.28799775	-1.65e-05
37.002179	-20.230641	-1.3046395	-9.999999999999999e-06
37.3369595	-20.4405115	-1.32128125	-3.4999999999999995e-06
37.67174	-20.650382	-1.337923	3e-06
37.99696125	-20.8573775	-1.35466475	1.1499999999999998e-05
38.3221825	-21.064373	-1.3714065	1.9999999999999998e-05
38.647403749999995	-21.2713685	-1.38814825	2.8499999999999998e-05
38.972625	-21.478364	-1.40489	3.7e-05
39.2880555	-21.68230825	-1.42173725	4.7749999999999995e-05
39.603486000000004	-21.886252499999998	-1.4385845	5.85e-05
39.9189165	-22.090196749999997	-1.4554317499999998	6.925e-05
40.234347	-22.294141	-1.472279	8e-05
40.53976375	-22.49485775	-1.48923875	9.325000000000002e-05
40.8451805	-22.6955745	-1.5061985	0.00010650000000000001
41.150597250000004	-22.896291249999997	-1.52315825	0.00011975000000000001
41.456014	-23.097008	-1.540118	0.000133
41.751194749999996	-23.29431675	-1.55719925	0.00014875
42.046375499999996	-23.491625499999998	-1.5742805	0.0001645
42.34155625	-23.68893425	-1.59136175	0.00018025
42.636737	-23.886243	-1.608443	0.000196
42.921454499999996	-24.079957	-1.62565475	0.00021475
43.206171999999995	-24.273671	-1.6428665	0.00023349999999999998
43.490889499999994	-24.467385	-1.66007825	0.00025225
43.775607	-24.661099	-1.67729	0.000271
44.049625500000005	-24.85102375	-1.6946430000000001	0.0002925
44.323644	-25.0409485	-1.711996	0.000314
44.5976625	-25.230873250000002	-1.729349	0.00033549999999999997
44.871681	-25.420798	-1.746702	0.000357
45.13475375	-25.606728500000003	-1.76420675	0.0003815
45.3978265	-25.792659	-1.7817115000000001	0.000406
45.66089925	-25.9785895	-1.7992162500000002	0.0004305
45.923972	-26.16452	-1.816721	0.000455
46.17584024999999	-26.346241999999997	-1.83438875	0.0004825
46.427708499999994	-26.527963999999997	-1.8520565	0.00051
46.679576749999995	-26.709685999999998	-1.86972425	0.0005375
46.931445	-26.891408	-1.887392	0.000565
47.171839	-27.06869675	-1.90523325	0.0005949999999999999
47.412233	-27.2459855	-1.9230745	0.0006249999999999999
47.652626999999995	-27.42327425	-1.94091575	0.000655
47.893021	-27.600563	-1.958757	0.000685
48.12166025	-27.7731845	-1.97678325	0.000717
48.3502995	-27.945806	-1.9948095000000001	0.000749
48.57893875	-28.118427500000003	-2.01283575	0.000781
48.807578	-28.291049	-2.030862	0.000813
49.024173250000004	-28.45876075	-2.04908375	0.0008467500000000001
49.2407685	-28.6264725	-2.0673055	0.0008805
49.45736375	-28.79418425	-2.08552725	0.0009142499999999999
49.673959	-28.961896	-2.103749	0.000948
49.878215	-29.1244485	-2.1221767500000004	0.00098225
50.082471	-29.287001	-2.1406045000000002	0.0010165
50.286727	-29.4495535	-2.15903225	0.00105075
50.490983	-29.612106	-2.17746	0.001085
50.682602	-29.769243250000002	-2.1961035	0.00111875
50.874221	-29.9263805	-2.214747	0.0011524999999999999
51.065839999999994	-30.08351775	-2.2333905	0.0011862499999999998
51.257459	-30.240655	-2.252034	0.00122
51.436142499999995	-30.392118	-2.27090325	0.0012515
51.614825999999994	-30.543581	-2.2897724999999998	0.0012829999999999999
51.7935095	-30.695044	-2.3086417499999996	0.0013145
51.972193	-30.846507	-2.327511	0.001346
52.13764525	-30.99203325	-2.346615	0.00137325
52.3030975	-31.137559500000002	-2.365719	0.0014004999999999998
52.46854975	-31.28308575	-2.384823	0.0014277499999999998
52.634002	-31.428612	-2.403927	0.001455
52.78593475	-31.56793975	-2.4232744999999998	0.0014759999999999999
52.9378675	-31.7072675	-2.442622	0.001497
53.08980025	-31.84659525	-2.4619695000000004	0.001518
53.241733	-31.985923	-2.481317	0.001539
53.379867000000004	-32.1187915	-2.500916	0.0015505
53.518001	-32.25166	-2.520515	0.001562
53.656135	-32.3845285	-2.540114	0.0015735
53.794269	-32.517397	-2.559713	0.001585
53.918338	-32.64354925	-2.57957175	0.001584
54.042407	-32.7697015	-2.5994305	0.001583
54.166476	-32.89585375	-2.61928925	0.001582
54.290545	-33.022006	-2.639148	0.001581
54.400298500000005	-33.14119074999999	-2.6592735000000003	0.0015635
54.510052	-33.260375499999995	-2.679399	0.001546
54.6198055	-33.37956025	-2.6995245	0.0015285
54.729559	-33.498745	-2.71965	0.001511
54.82476525	-33.61071775	-2.740049	0.00147275
54.9199715	-33.7226905	-2.7604480000000002	0.0014345
55.01517775000001	-33.83466325	-2.780847	0.00139625
55.110384	-33.946636	-2.801246	0.001358
55.19083175	-34.051162	-2.8219255	0.00129425
55.271279500000006	-34.155688	-2.842605	0.0012305
55.35172725	-34.260214	-2.8632845	0.00116675
55.432175	-34.36474	-2.883964	0.001103
55.49767675	-34.46159575	-2.90492975	0.00100825
55.5631785	-34.558451500000004	-2.9258955	0.0009135
55.62868025	-34.65530725000001	-2.9468612500000004	0.00081875
55.694182	-34.752163	-2.967827	0.000724
55.74457525	-34.841136500000005	-2.989085	0.000593
55.794968499999996	-34.93011	-3.010343	0.000462
55.845361749999995	-35.0190835	-3.031601	0.000331
55.895755	-35.108057	-3.052859	0.0002
55.93090325	-35.18895125	-3.074415	2.7249999999999998e-05
55.9660515	-35.2698455	-3.095971	-0.0001455
56.00119975	-35.35073975	-3.117527	-0.00031825
56.036348	-35.431634	-3.139083	-0.000491
56.05614249999999	-35.50426675	-3.1609427500000002	-0.0007117499999999999
56.075936999999996	-35.576899499999996	-3.1828025	-0.0009325
56.0957315	-35.64953224999999	-3.20466225	-0.00115325
56.115526	-35.722165	-3.226522	-0.001374
56.119886750000006	-35.78637	-3.2486912500000003	-0.00164825
56.1242475	-35.850575	-3.2708605	-0.0019225000000000002
56.12860825	-35.91478	-3.2930297499999996	-0.00219675
56.132969	-35.978985	-3.315199	-0.002471
56.12184425	-36.034613750000005	-3.337684	-0.00280375
56.1107195	-36.0902425	-3.360169	-0.0031365
56.09959475	-36.14587125	-3.382654	-0.00346925
56.08847	-36.2015	-3.405139	-0.003802
56.061837	-36.248421500000006	-3.427946	-0.0041975
56.035204	-36.295343	-3.4507529999999997	-0.004593
56.008571	-36.3422645	-3.47356	-0.0049885
55.981938	-36.389186	-3.496367	-0.005384
55.93980225	-36.427287500000006	-3.51950375	-0.00584525
55.8976665	-36.465389	-3.5426405	-0.0063065
55.85553075	-36.5034905	-3.56577725	-0.0067677499999999995
55.813395	-36.541592	-3.588914	-0.007229
55.7557895	-36.57077975	-3.6123885	-0.0077575000000000005
55.698184	-36.599967500000005	-3.635863	-0.008286
55.640578500000004	-36.629155250000004	-3.6593375000000004	-0.0088145
55.582973	-36.658343	-3.682812	-0.009343
55.50995725	-36.67854125	-3.70663425	-0.00993775
55.4369415	-36.6987395	-3.7304565	-0.0105325
55.36392575	-36.71893775	-3.75427875	-0.01112725
55.29091	-36.739136	-3.778101	-0.011722
55.2025685	-36.75028775	-3.80228275	-0.0123785
55.114227	-36.7614395	-3.8264645	-0.013035
55.0258855	-36.772591250000005	-3.85064625	-0.013691499999999999
54.937544	-36.783743	-3.874828	-0.014348
54.8339845	-36.78580875	-3.899383	-0.015058499999999999
54.730425	-36.7878745	-3.9239379999999997	-0.015769
54.626865499999994	-36.78994025	-3.948493	-0.0164795
54.523306	-36.792006	-3.973048	-0.01719
54.40465675	-36.78496375	-3.997993	-0.017942
54.2860075	-36.777921500000005	-4.022938	-0.018694000000000002
54.16735825	-36.77087925000001	-4.047883000000001	-0.019446
54.048709	-36.763837	-4.072828	-0.020198
53.9151175	-36.7476805	-4.09818325	-0.02097375
53.781526	-36.731524	-4.1235385	-0.021749499999999998
53.6479345	-36.7153675	-4.14889375	-0.022525249999999997
53.514343	-36.699211	-4.174249	-0.023301
53.365973	-36.67394975	-4.2000382499999995	-0.02407575
53.217603	-36.6486885	-4.225827499999999	-0.024850499999999998
53.069233	-36.62342725	-4.25161675	-0.02562525
52.920863	-36.598166	-4.277406	-0.0264
52.75789125	-36.563823	-4.3036575	-0.027142
52.5949195	-36.52948	-4.329909000000001	-0.027884
52.431947750000006	-36.495137	-4.3561605000000005	-0.028626
52.268976	-36.460794	-4.382412	-0.029368
52.0915905	-36.417405	-4.409159750000001	-0.0300365
51.914205	-36.374016	-4.435907500000001	-0.030705
51.7368195	-36.330627	-4.462655250000001	-0.0313735
51.559434	-36.287238	-4.489403	-0.032042
51.36783	-36.2348495	-4.51668625	-0.032588
51.176226	-36.182461	-4.5439695	-0.033134
50.984622	-36.1300725	-4.57125275	-0.03368
50.793018	-36.077684	-4.598536	-0.034226
50.5873965	-36.016352499999996	-4.6264	-0.03458925
50.381775	-35.955021	-4.6542639999999995	-0.0349525
50.1761535	-35.8936895	-4.682128	-0.03531575
49.970532	-35.832358	-4.709992	-0.035679
49.75109675	-35.76214775	-4.73848925	-0.03578875
49.5316615	-35.691937499999995	-4.7669865	-0.0358985
49.312226249999995	-35.62172724999999	-4.79548375	-0.03600825
49.092791	-35.551517	-4.823981	-0.036118
48.859746	-35.47249925	-4.85317125	-0.03589275
48.626701	-35.3934815	-4.8823615	-0.0356675
48.393656	-35.31446375	-4.91155175	-0.035442249999999995
48.160611	-35.235446	-4.940742	-0.035217
47.91416025	-35.14769725000001	-4.97069125	-0.03456325
47.6677095	-35.059948500000004	-5.0006405	-0.033909499999999995
47.42125875	-34.97219975	-5.030589750000001	-0.03325575
47.174808	-34.884451	-5.060539	-0.032602
46.915153	-34.78805275	-5.0913217500000005	-0.031416
46.655497999999994	-34.6916545	-5.122104500000001	-0.03023
46.395843	-34.59525625	-5.152887250000001	-0.029044
46.136188	-34.498858	-5.18367	-0.027858
45.86352925	-34.39389525	-5.21536675	-0.026025
45.590870499999994	-34.2889325	-5.2470635	-0.024191999999999998
45.318211749999996	-34.18396975	-5.27876025	-0.022358999999999997
45.045553	-34.079007	-5.310457	-0.020526
44.76009025	-33.965569	-5.343154500000001	-0.01792375
44.4746275	-33.852131	-5.375852	-0.015321499999999998
44.18916475	-33.738693	-5.4085494999999995	-0.012719249999999998
43.903702	-33.625255	-5.441247	-0.010117
43.605637	-33.503434999999996	-5.475037	-0.006616499999999999
43.307572	-33.381615	-5.508827	-0.003116
43.009507	-33.259795	-5.542617	0.0003845000000000001
42.711442	-33.137975	-5.576407	0.003885
42.4009825	-33.00787225	-5.611383999999999	0.00841525
42.090523	-32.8777695	-5.646361	0.0129455
41.7800635	-32.74766675	-5.681338	0.01747575
41.469604	-32.617564	-5.716315	0.022006
41.146969	-32.479284750000005	-5.752575	0.027695499999999998
40.82433399999999	-32.3410055	-5.788835	0.033385
40.501698999999995	-32.20272625	-5.825094999999999	0.0390745
40.179064	-32.064447	-5.861355	0.044764
39.84449225	-31.918108250000003	-5.8989899999999995	0.051734249999999996
39.5099205	-31.7717695	-5.936624999999999	0.0587045
39.17534875	-31.62543075	-5.974259999999999	0.06567475
38.840777	-31.479092	-6.011895	0.072645
38.49453675	-31.324825	-6.050992	0.08100299999999999
38.1482965	-31.170558	-6.090089	0.089361
37.80205625	-31.016291000000002	-6.129186	0.097719
37.455816	-30.862024	-6.168283	0.106077
37.098217	-30.6999795	-6.20891625	0.11590525
36.740618	-30.537935	-6.2495495000000005	0.1257335
36.383019	-30.3758905	-6.2901827500000005	0.13556174999999998
36.02542	-30.213846	-6.330816	0.14539
35.65682825	-30.044200250000003	-6.37304225	0.156736
35.2882365	-29.874554500000002	-6.4152685	0.168082
34.91964475	-29.70490875	-6.45749475	0.179428
34.551053	-29.535263	-6.499721	0.190774
34.17190925	-29.3582255	-6.5435725	0.2036385
33.7927655	-29.181188	-6.587424	0.216503
33.413621750000004	-29.0041505	-6.6312755	0.2293675
33.034478	-28.827113	-6.675127	0.242232
32.64531625	-28.64293525	-6.7206019999999995	0.25655300000000003
32.2561545	-28.4587575	-6.766077	0.270874
31.86699275	-28.27457975	-6.811552000000001	0.285195
31.477831	-28.090402	-6.857027	0.299516
31.0793015	-27.899387500000003	-6.9040817500000005	0.315154
30.680771999999997	-27.708373	-6.9511365000000005	0.330792
30.2822425	-27.5173585	-6.99819125	0.34643
29.883713	-27.326344	-7.045246	0.362068
29.47660775	-27.1288585	-7.093782749999999	0.37878675
29.0695025	-26.931373	-7.142319499999999	0.3955055
28.662397249999998	-26.7338875	-7.1908562499999995	0.41222425
28.255292	-26.536402	-7.239393	0.428943
27.84056925	-26.33288625	-7.289248499999999	0.4463895
27.4258465	-26.1293705	-7.339104	0.463836
27.01112375	-25.92585475	-7.3889595	0.4812825
26.596401	-25.722339	-7.438815	0.498729
26.175214	-25.513321	-7.48974825	0.5164135
25.754027	-25.304303	-7.5406815	0.534098
25.33284	-25.095285	-7.59161475	0.5517825
24.911653	-24.886267	-7.642548	0.569467
24.485376000000002	-24.672374249999997	-7.6942265	0.58673975
24.059099	-24.458481499999998	-7.7459050000000005	0.6040125
23.632821999999997	-24.24458875	-7.7975835	0.6212852499999999
23.206545	-24.030696	-7.849262	0.638558
22.776801	-23.81266725	-7.9012484999999995	0.65458825
22.347057	-23.594638500000002	-7.953234999999999	0.6706185
21.917313	-23.37660975	-8.0052215	0.68664875
21.487569	-23.158581	-8.057208	0.702679
21.05625075	-22.9372775	-8.10894575	0.71643225
20.6249325	-22.715974000000003	-8.1606835	0.7301855
20.19361425	-22.4946705	-8.212421249999998	0.7439387500000001
19.762296	-22.273367	-8.264159	0.757692
19.331587	-22.049781	-8.3149605	0.767911
18.900878	-21.826195	-8.365762	0.77813
18.470169	-21.602609	-8.416563499999999	0.788349
18.03946	-21.379023	-8.467365	0.798568
17.61184375	-21.15428325	-8.51639875	0.80375625
17.1842275	-20.9295435	-8.5654325	0.8089445
16.75661125	-20.70480375	-8.61446625	0.81413275
16.328995	-20.480064	-8.6635	0.819321
15.90725625	-20.255436	-8.709783250000001	0.8177295
15.4855175	-20.030808	-8.7560665	0.816138
15.06377875	-19.806179999999998	-8.80234975	0.8145465000000001
14.64204	-19.581552	-8.848633	0.812955
14.2292515	-19.35843175	-8.89102425	0.80257775
13.816462999999999	-19.1353115	-8.933415499999999	0.7922005
13.4036745	-18.91219125	-8.97580675	0.78182325
12.990886	-18.689071	-9.018198	0.771446
12.590375	-18.468970499999998	-9.055397750000001	0.7500232499999999
12.189864	-18.248869999999997	-9.0925975	0.7286005
11.789353	-18.028769499999996	-9.12979725	0.70717775
11.388842	-17.808669	-9.166997	0.685755
11.00413425	-17.59318975	-9.197551749999999	0.650787
10.6194265	-17.3777105	-9.228106499999999	0.615819
10.234718749999999	-17.162231249999998	-9.25866125	0.580851
9.850011	-16.946752	-9.289216	0.545883
9.484738499999999	-16.7375415	-9.311532249999999	0.4946605
9.119466	-16.528331	-9.3338485	0.443438
8.7541935	-16.3191205	-9.356164750000001	0.3922155
8.388921	-16.10991	-9.378481	0.340993
8.04668625	-15.908598999999999	-9.390848250000001	0.27064225
7.704451499999999	-15.707287999999998	-9.4032155	0.20029149999999998
7.36221675	-15.505976999999998	-9.415582749999999	0.12994075
7.019982	-15.304666	-9.42795	0.05959
6.704148	-15.1127685	-9.428574999999999	-0.032859250000000007
6.388313999999999	-14.920871	-9.4292	-0.12530850000000002
6.07248	-14.7289735	-9.429825000000001	-0.21775775000000003
5.756646	-14.537076	-9.43045	-0.310207
5.47001275	-14.35583325	-9.41750575	-0.42773
5.1833795	-14.1745905	-9.4045615	-0.545253
4.89674625	-13.993347750000002	-9.39161725	-0.662776
4.610113	-13.812105	-9.378673	-0.780299
4.35453825	-13.642304750000001	-9.3503645	-0.92575575
4.0989635	-13.4725045	-9.322056	-1.0712125
3.84338875	-13.30270425	-9.2937475	-1.2166692499999998
3.587814	-13.132904	-9.265439	-1.362126
3.3639845	-12.97477575	-9.2200865	-1.5381097499999998
3.140155	-12.8166475	-9.174734	-1.7140935
2.9163255	-12.658519250000001	-9.129381500000001	-1.89007725
2.692496	-12.500391	-9.084029	-2.066061
2.4999855	-12.35364625	-9.0201725	-2.27471025
2.307475	-12.2069015	-8.956316	-2.4833594999999997
2.1149645	-12.06015675	-8.8924595	-2.69200875
1.922454	-11.913412	-8.828603	-2.900658
1.75995575	-11.777372499999998	-8.745130499999998	-3.14343075
1.5974575	-11.641333	-8.661658	-3.3862034999999997
1.43495925	-11.5052935	-8.5781855	-3.62897625
1.272461	-11.369254	-8.494713	-3.871749
1.1380352500000002	-11.242992000000001	-8.3910125	-4.14915525
1.0036095	-11.11673	-8.287312	-4.4265615
0.86918375	-10.990468	-8.1836115	-4.70396775
0.734758	-10.864206	-8.079911	-4.981374
0.6260415	-10.74666675	-7.956044499999999	-5.2926645
0.517325	-10.6291275	-7.832177999999999	-5.603955
0.40860850000000004	-10.511588249999999	-7.708311499999999	-5.9152455
0.299892	-10.394049	-7.584445	-6.226536