0.067167	0.006795	0.002861	-2e-06
0.5536745	-0.239472	-0.0099235	-2.4999999999999998e-06
1.040182	-0.485739	-0.022708	-3e-06
1.5266894999999998	-0.7320059999999999	-0.035492499999999996	-3.5e-06
2.013197	-0.978273	-0.048277	-4e-06
2.51082875	-1.231061	-0.06161925	-4.75e-06
3.0084605	-1.483849	-0.0749615	-5.5e-06
3.50609225	-1.736637	-0.08830375	-6.2499999999999995e-06
4.003724	-1.989425	-0.101646	-7e-06
4.5071270000000005	-2.2462305	-0.11546775000000001	-7.75e-06
5.01053	-2.503036	-0.1292895	-8.5e-06
5.513933	-2.7598415	-0.14311125	-9.250000000000001e-06
6.017336	-3.016647	-0.156933	-1e-05
6.52192675	-3.27534725	-0.17116175	-1.075e-05
7.0265175	-3.5340475	-0.1853905	-1.15e-05
7.531108249999999	-3.7927477499999998	-0.19961925000000003	-1.225e-05
8.035699	-4.051448	-0.213848	-1.3e-05
8.5377055	-4.3103175	-0.22841725000000002	-1.425e-05
9.039712	-4.569186999999999	-0.2429865	-1.55e-05
9.5417185	-4.8280565	-0.25755574999999997	-1.675e-05
10.043725	-5.086926	-0.272125	-1.8e-05
10.54014025	-5.34460875	-0.28697575	-1.9e-05
11.0365555	-5.6022915	-0.3018265	-1.9999999999999998e-05
11.53297075	-5.8599742500000005	-0.31667725	-2.1e-05
12.029386	-6.117657	-0.331528	-2.2e-05
12.517894250000001	-6.373127	-0.3466085	-2.325e-05
13.0064025	-6.628597	-0.361689	-2.45e-05
13.494910749999999	-6.884067	-0.3767695	-2.575e-05
13.983419	-7.139537	-0.39185	-2.7e-05
14.46230925	-7.392053000000001	-0.40711575	-2.85e-05
14.9411995	-7.644569000000001	-0.42238149999999997	-3e-05
15.420089749999999	-7.897085000000001	-0.43764725	-3.15e-05
15.89898	-8.149601	-0.452913	-3.3e-05
16.36705825	-8.398663	-0.46832725	-3.4250000000000006e-05
16.8351365	-8.647725000000001	-0.4837415	-3.55e-05
17.303214750000002	-8.896787	-0.49915575	-3.675e-05
17.771293	-9.145849	-0.51457	-3.8e-05
18.2277955	-9.39115375	-0.53010325	-3.95e-05
18.684298	-9.6364585	-0.5456365	-4.1e-05
19.140800499999997	-9.881763249999999	-0.5611697499999999	-4.25e-05
19.597303	-10.127068	-0.576703	-4.4e-05
20.041813249999997	-10.368468499999999	-0.5923317499999999	-4.55e-05
20.486323499999997	-10.609869	-0.6079604999999999	-4.7000000000000004e-05
20.930833749999998	-10.8512695	-0.62358925	-4.85e-05
21.375344	-11.09267	-0.639218	-5e-05
21.80771775	-11.33013975	-0.654925	-5.1500000000000005e-05
22.2400915	-11.5676095	-0.6706319999999999	-5.3e-05
22.67246525	-11.805079249999999	-0.6863389999999999	-5.4499999999999997e-05
23.104839	-12.042549	-0.702046	-5.6e-05
23.5251365	-12.276148	-0.717819	-5.7249999999999996e-05
23.945434	-12.509747	-0.733592	-5.85e-05
24.3657315	-12.743346	-0.7493650000000001	-5.975e-05
24.786029	-12.976945	-0.765138	-6.1e-05
25.194456249999998	-13.20679275	-0.7809697499999999	-6.225e-05
25.602883499999997	-13.4366405	-0.7968014999999999	-6.35e-05
26.01131075	-13.66648825	-0.81263325	-6.475e-05
26.419738	-13.896336	-0.828465	-6.6e-05
26.816595999999997	-14.122586250000001	-0.84435175	-6.675e-05
27.213454	-14.3488365	-0.8602385	-6.75e-05
27.610312	-14.57508675	-0.8761252500000001	-6.825e-05
28.00717	-14.801337	-0.892012	-6.9e-05
28.3928115	-15.02415925	-0.90795425	-6.925e-05
28.778453	-15.2469815	-0.9238965	-6.95e-05
29.164094499999997	-15.46980375	-0.9398387500000001	-6.974999999999999e-05
29.549736	-15.692626	-0.955781	-7e-05
29.9245315	-15.912188250000002	-0.971781	-6.974999999999999e-05
30.299326999999998	-16.131750500000003	-0.987781	-6.95e-05
30.6741225	-16.35131275	-1.003781	-6.925e-05
31.048918	-16.570875	-1.019781	-6.9e-05
31.413228500000002	-16.7873315	-1.03584425	-6.775e-05
31.777539	-17.003788	-1.0519075	-6.649999999999999e-05
32.1418495	-17.2202445	-1.06797075	-6.524999999999999e-05
32.50616	-17.436701	-1.084034	-6.4e-05
32.86031475	-17.650183	-1.10016725	-6.199999999999999e-05
33.2144695	-17.863664999999997	-1.1163005	-5.9999999999999995e-05
33.56862425	-18.077146999999997	-1.13243375	-5.8e-05
33.922779	-18.290629	-1.148567	-5.6e-05
34.26705975	-18.501237500000002	-1.1647785	-5.25e-05
34.6113405	-18.711846	-1.18099	-4.9e-05
34.95562125	-18.9224545	-1.1972015	-4.5499999999999995e-05
35.299902	-19.133063	-1.213413	-4.2e-05
35.634534	-19.340864	-1.2297120000000001	-3.725e-05
35.969166	-19.548665	-1.2460110000000002	-3.25e-05
36.303798	-19.756466	-1.2623100000000003	-2.7749999999999997e-05
36.63843	-19.964267	-1.278609	-2.3e-05
36.963574	-20.169289499999998	-1.295006	-1.65e-05
37.288718	-20.374312	-1.311403	-9.999999999999999e-06
37.613862	-20.5793345	-1.3278	-3.4999999999999995e-06
37.939006	-20.784357	-1.344197	3e-06
38.25475525	-20.98659125	-1.3607022500000001	1.1499999999999998e-05
38.5705045	-21.1888255	-1.3772075	1.9999999999999998e-05
38.886253749999995	-21.39105975	-1.39371275	2.8499999999999998e-05
39.202003	-21.593294	-1.410218	3.7e-05
39.50838425	-21.79269225	-1.42684225	4.7749999999999995e-05
39.8147655	-21.9920905	-1.4434665	5.85e-05
40.12114675	-22.191488749999998	-1.46009075	6.925e-05
40.427528	-22.390887	-1.476715	8e-05
40.72450225	-22.58736475	-1.4934695	9.325000000000002e-05
41.021476500000006	-22.7838425	-1.510224	0.00010650000000000001
41.318450750000004	-22.98032025	-1.5269785	0.00011975000000000001
41.615425	-23.176798	-1.543733	0.000133
41.902892	-23.37023575	-1.5606285	0.00014875
42.190359	-23.5636735	-1.577524	0.0001645
42.477826	-23.75711125	-1.5944194999999999	0.00018025
42.765293	-23.950549	-1.611315	0.000196
43.0430965	-24.140794999999997	-1.62836225	0.00021475
43.320899999999995	-24.331041	-1.6454095	0.00023349999999999998
43.5987035	-24.521287	-1.66245675	0.00025225
43.876507	-24.711533	-1.679504	0.000271
44.14444025	-24.89840675	-1.6967135	0.0002925
44.4123735	-25.0852805	-1.713923	0.000314
44.68030675	-25.27215425	-1.7311325000000002	0.00033549999999999997
44.94824	-25.459028	-1.748342	0.000357
45.20605275	-25.6423225	-1.765724	0.0003815
45.4638655	-25.825617	-1.783106	0.000406
45.72167825	-26.0089115	-1.800488	0.0004305
45.979491	-26.192206	-1.81787	0.000455
46.226895999999996	-26.37169225	-1.8354347500000001	0.0004825
46.474301	-26.5511785	-1.8529995000000001	0.00051
46.721706	-26.73066475	-1.8705642500000002	0.0005375
46.969111	-26.910151	-1.888129	0.000565
47.20579125	-27.0855805	-1.90588575	0.0005949999999999999
47.442471499999996	-27.26101	-1.9236425	0.0006249999999999999
47.67915175	-27.4364395	-1.94139925	0.000655
47.915832	-27.611869	-1.959156	0.000685
48.141448249999996	-27.782978	-1.97711425	0.000717
48.3670645	-27.954087	-1.9950725	0.000749
48.59268075	-28.125196000000003	-2.01303075	0.000781
48.818297	-28.296305	-2.030989	0.000813
49.03249275	-28.462817	-2.04915775	0.0008467500000000001
49.246688500000005	-28.629329	-2.0673265	0.0008805
49.46088425000001	-28.795841	-2.08549525	0.0009142499999999999
49.67508	-28.962353	-2.103664	0.000948
49.877489499999996	-29.123983	-2.1220517500000002	0.00098225
50.079899	-29.285612999999998	-2.1404395000000003	0.0010165
50.2823085	-29.447243	-2.15882725	0.00105075
50.484718	-29.608873	-2.177215	0.001085
50.67497125	-29.765329	-2.1958297499999997	0.00111875
50.8652245	-29.921785	-2.2144445	0.0011524999999999999
51.055477749999994	-30.078241	-2.23305925	0.0011862499999999998
51.245731	-30.234697	-2.251674	0.00122
51.42346	-30.385684500000004	-2.270524	0.0012515
51.601189	-30.536672000000003	-2.289374	0.0012829999999999999
51.778918	-30.687659500000002	-2.308224	0.0013145
51.956647	-30.838647	-2.327074	0.001346
52.121489999999994	-30.98387075	-2.34616675	0.00137325
52.286333	-31.1290945	-2.3652595	0.0014004999999999998
52.451176000000004	-31.27431825	-2.38435225	0.0014277499999999998
52.616019	-31.419542	-2.403445	0.001455
52.7676255	-31.55870875	-2.4227875	0.0014759999999999999
52.919232	-31.697875500000002	-2.44213	0.001497
53.0708385	-31.837042250000003	-2.4614725	0.001518
53.222445	-31.976209	-2.480815	0.001539
53.360479749999996	-32.10903025	-2.5004145	0.0015505
53.4985145	-32.2418515	-2.520014	0.001562
53.63654925	-32.37467275	-2.5396135	0.0015735
53.774584	-32.507494	-2.559213	0.001585
53.898731	-32.6336875	-2.5790757500000003	0.001584
54.022878	-32.759881	-2.5989385	0.001583
54.147025	-32.8860745	-2.6188012499999997	0.001582
54.271172	-33.012268	-2.638664	0.001581
54.381136999999995	-33.13156025	-2.65879625	0.0015635
54.491102	-33.2508525	-2.6789285	0.001546
54.601067	-33.37014475	-2.69906075	0.0015285
54.711032	-33.489437	-2.719193	0.001511
54.80654475	-33.60156500000001	-2.7396010000000004	0.00147275
54.9020575	-33.713693000000006	-2.760009	0.0014345
54.997570249999995	-33.825821000000005	-2.780417	0.00139625
55.093083	-33.937949	-2.800825	0.001358
55.173901	-34.042662	-2.8215145	0.00129425
55.254719	-34.147375	-2.8422039999999997	0.0012305
55.335537	-34.252088	-2.8628934999999998	0.00116675
55.416355	-34.356801	-2.883583	0.001103
55.48226425	-34.453862	-2.9045595	0.00100825
55.548173500000004	-34.550923	-2.925536	0.0009135
55.61408275	-34.647983999999994	-2.9465125	0.00081875
55.679992	-34.745045	-2.967489	0.000724
55.730808249999995	-34.8342315	-2.98875775	0.000593
55.7816245	-34.923418	-3.0100265	0.000462
55.83244075	-35.012604499999995	-3.03129525	0.000331
55.883257	-35.101791	-3.052564	0.0002
55.91882675	-35.182897249999996	-3.07413075	2.7249999999999998e-05
55.9543965	-35.2640035	-3.0956975	-0.0001455
55.98996625	-35.34510975	-3.11726425	-0.00031825
56.025536	-35.426216	-3.138831	-0.000491
56.04573825	-35.499053499999995	-3.16070075	-0.0007117499999999999
56.065940499999996	-35.571890999999994	-3.1825704999999997	-0.0009325
56.08614274999999	-35.6447285	-3.2044402499999998	-0.00115325
56.106345	-35.717566	-3.22631	-0.001374
56.11108975	-35.781964	-3.24848875	-0.00164825
56.1158345	-35.846362	-3.2706675	-0.0019225000000000002
56.12057925	-35.910759999999996	-3.29284625	-0.00219675
56.125324	-35.975158	-3.315025	-0.002471
56.11455325	-36.03096425	-3.3375185	-0.00280375
56.1037825	-36.0867705	-3.360012	-0.0031365
56.09301175	-36.14257675	-3.3825055	-0.00346925
56.082241	-36.198383	-3.404999	-0.003802
56.05592800000001	-36.245464999999996	-3.4278137500000003	-0.0041975
56.02961500000001	-36.292547	-3.4506285	-0.004593
56.003302000000005	-36.339629	-3.47344325	-0.0049885
55.976989	-36.386711	-3.496258	-0.005384
55.93513675	-36.42495475	-3.51940125	-0.00584525
55.8932845	-36.463198500000004	-3.5425445	-0.0063065
55.85143225	-36.501442250000004	-3.56568775	-0.0067677499999999995
55.80958	-36.539686	-3.588831	-0.007229
55.75222175	-36.56899775	-3.61231125	-0.0077575000000000005
55.6948635	-36.5983095	-3.6357915	-0.008286
55.63750525	-36.627621250000004	-3.65927175	-0.0088145
55.580147	-36.656933	-3.682752	-0.009343
55.50734275	-36.677237250000005	-3.70657925	-0.00993775
55.4345385	-36.6975415	-3.7304065	-0.0105325
55.36173425	-36.717845749999995	-3.75423375	-0.01112725
55.28893	-36.73815	-3.778061	-0.011722
55.200766	-36.749390500000004	-3.80224675	-0.0123785
55.112601999999995	-36.760631000000004	-3.8264325	-0.013035
55.024437999999996	-36.7718715	-3.85061825	-0.013691499999999999
54.936274	-36.783112	-3.874804	-0.014348
54.83286	-36.78525075	-3.8993625	-0.015058499999999999
54.729445999999996	-36.7873895	-3.923921	-0.015769
54.626031999999995	-36.789528250000004	-3.9484795	-0.0164795
54.522618	-36.791667	-3.973038	-0.01719
54.40408600000001	-36.78468325	-3.9979855	-0.017942
54.285554000000005	-36.7776995	-4.022933	-0.018694000000000002
54.167022	-36.770715749999994	-4.0478805	-0.019446
54.04849	-36.763732	-4.072828	-0.020198
53.91499	-36.747621249999995	-4.09818525	-0.02097375
53.781490000000005	-36.7315105	-4.1235425	-0.021749499999999998
53.64799000000001	-36.71539975	-4.14889975	-0.022525249999999997
53.51449	-36.699289	-4.174257	-0.023301
53.366188750000006	-36.674062250000006	-4.2000477499999995	-0.02407575
53.2178875	-36.648835500000004	-4.2258385	-0.024850499999999998
53.06958625	-36.62360875	-4.251629250000001	-0.02562525
52.921285	-36.598382	-4.27742	-0.0264
52.758362749999996	-36.5640635	-4.3036725	-0.027142
52.595440499999995	-36.529745000000005	-4.329925	-0.027884
52.43251825	-36.49542650000001	-4.3561775	-0.028626
52.269596	-36.461108	-4.38243	-0.029368
52.092243499999995	-36.41773525000001	-4.4091784999999994	-0.0300365
51.914891	-36.374362500000004	-4.4359269999999995	-0.030705
51.7375385	-36.33098975	-4.4626755	-0.0313735
51.560186	-36.287617	-4.489424	-0.032042
51.3686015	-36.235238249999995	-4.5167075	-0.032588
51.177017	-36.1828595	-4.543991	-0.033134
50.9854325	-36.130480750000004	-4.5712744999999995	-0.03368
50.793848	-36.078102	-4.598558	-0.034226
50.588235	-36.0167745	-4.626422	-0.03458925
50.382622	-35.955447	-4.654286	-0.0349525
50.177009	-35.8941195	-4.68215	-0.03531575
49.971396	-35.832792	-4.710014	-0.035679
49.751960249999996	-35.762581499999996	-4.73851125	-0.03578875
49.5325245	-35.692370999999994	-4.7670085	-0.0358985
49.313088750000006	-35.62216049999999	-4.79550575	-0.03600825
49.093653	-35.55195	-4.824003	-0.036118
48.860601	-35.472928749999994	-4.85319275	-0.03589275
48.627549	-35.3939075	-4.8823825	-0.0356675
48.394497	-35.31488625	-4.911572250000001	-0.035442249999999995
48.161445	-35.235865	-4.940762	-0.035217
47.9149825	-35.14811025	-4.970711250000001	-0.03456325
47.66852	-35.0603555	-5.0006605	-0.033909499999999995
47.4220575	-34.97260075	-5.03060975	-0.03325575
47.175595	-34.884846	-5.060559	-0.032602
46.91592475	-34.78844000000001	-5.091341249999999	-0.031416
46.6562545	-34.69203400000001	-5.1221235	-0.03023
46.396584250000004	-34.595628000000005	-5.15290575	-0.029044
46.136914	-34.499222	-5.183688	-0.027858
45.864238	-34.3942505	-5.21538425	-0.026025
45.591561999999996	-34.289279	-5.2470805	-0.024191999999999998
45.318886	-34.1843075	-5.2787767500000005	-0.022358999999999997
45.04621	-34.079336	-5.310473	-0.020526
44.76072875	-33.96588875	-5.34317	-0.01792375
44.4752475	-33.8524415	-5.3758669999999995	-0.015321499999999998
44.189766250000005	-33.73899425	-5.408564	-0.012719249999999998
43.904285	-33.625547	-5.441261	-0.010117
43.60620125	-33.5037175	-5.4750505	-0.006616499999999999
43.3081175	-33.381888000000004	-5.508839999999999	-0.003116
43.010033750000005	-33.2600585	-5.542629499999999	0.0003845000000000001
42.71195	-33.138229	-5.576419	0.003885
42.401472	-33.008117	-5.61139575	0.00841525
42.090994	-32.878005	-5.6463725	0.0129455
41.780516000000006	-32.747893000000005	-5.68134925	0.01747575
41.470038	-32.617781	-5.716326	0.022006
41.14738575	-32.479493000000005	-5.752585249999999	0.027695499999999998
40.8247335	-32.341205	-5.7888445	0.033385
40.50208125	-32.202917	-5.82510375	0.0390745
40.179429	-32.064629	-5.861363	0.044764
39.844841	-31.918282249999997	-5.8989977499999995	0.051734249999999996
39.510253	-31.771935499999998	-5.9366325	0.0587045
39.175664999999995	-31.62558875	-5.9742672500000005	0.06567475
38.841077	-31.479242	-6.011902	0.072645
38.494822	-31.32496775	-6.05099875	0.08100299999999999
38.148567	-31.1706935	-6.0900955	0.089361
37.802312	-31.01641925	-6.12919225	0.097719
37.456057	-30.862145	-6.168289	0.106077
37.09844475	-30.70009375	-6.20892175	0.11590525
36.740832499999996	-30.538042500000003	-6.2495545	0.1257335
36.383220249999994	-30.375991250000002	-6.290187250000001	0.13556174999999998
36.025608	-30.21394	-6.33082	0.14539
35.657005	-30.0442885	-6.373046	0.156736
35.288402	-29.874637	-6.415272	0.168082
34.919799	-29.7049855	-6.457497999999999	0.179428
34.551196	-29.535334	-6.499724	0.190774
34.172042250000004	-29.3582915	-6.54357525	0.2036385
33.792888500000004	-29.181249	-6.587426499999999	0.216503
33.41373475	-29.004206500000002	-6.63127775	0.2293675
33.034581	-28.827164	-6.675129	0.242232
32.645410500000004	-28.642982250000003	-6.720604	0.25655300000000003
32.256240000000005	-28.458800500000002	-6.7660789999999995	0.270874
31.867069500000003	-28.274618750000002	-6.811553999999999	0.285195
31.477899	-28.090437	-6.857029	0.299516
31.07936275	-27.899418750000002	-6.9040835000000005	0.315154
30.680826500000002	-27.708400500000003	-6.951138	0.330792
30.282290250000003	-27.517382250000004	-6.9981925	0.34643
29.883754	-27.326364	-7.045247	0.362068
29.476643000000003	-27.1288755	-7.0937835	0.37878675
29.069532000000002	-26.931387	-7.14232	0.3955055
28.662421000000002	-26.733898500000002	-7.1908565	0.41222425
28.25531	-26.53641	-7.239393	0.428943
27.840582750000003	-26.33289225	-7.28924825	0.4463895
27.4258555	-26.1293745	-7.3391035	0.463836
27.01112825	-25.92585675	-7.3889587500000005	0.4812825
26.596401	-25.722339	-7.438814	0.498729
26.1752105	-25.513319250000002	-7.489747250000001	0.5164135
25.75402	-25.3042995	-7.540680500000001	0.534098
25.332829500000003	-25.09527975	-7.5916137500000005	0.5517825
24.911639	-24.88626	-7.642547	0.569467
24.4853595	-24.672366	-7.6942255	0.58673975
24.05908	-24.458472	-7.745904	0.6040125
23.632800500000002	-24.244578	-7.797582500000001	0.6212852499999999
23.206521	-24.030684	-7.849261	0.638558
22.77677525	-23.81265425	-7.9012475	0.65458825
22.347029499999998	-23.594624500000002	-7.953234	0.6706185
21.91728375	-23.376594750000002	-8.0052205	0.68664875
21.487538	-23.158565	-8.057207	0.702679
21.05621875	-22.937261	-8.10894475	0.71643225
20.624899499999998	-22.715957	-8.1606825	0.7301855
20.193580249999997	-22.494653	-8.212420250000001	0.7439387500000001
19.762261	-22.273349	-8.264158	0.757692
19.331551499999996	-22.04976275	-8.3149595	0.767911
18.900841999999997	-21.8261765	-8.365761	0.77813
18.4701325	-21.60259025	-8.4165625	0.788349
18.039423	-21.379004	-8.467364	0.798568
17.6118065	-21.154264249999997	-8.51639775	0.80375625
17.18419	-20.9295245	-8.565431499999999	0.8089445
16.756573500000002	-20.70478475	-8.614465249999999	0.81413275
16.328957	-20.480045	-8.663499	0.819321
15.907218499999999	-20.255417	-8.70978225	0.8177295
15.485479999999999	-20.030789	-8.7560655	0.816138
15.063741499999999	-19.806161	-8.80234875	0.8145465000000001
14.642003	-19.581533	-8.848632	0.812955
14.22921475	-19.358413	-8.89102325	0.80257775
13.8164265	-19.135293	-8.933414500000001	0.7922005
13.40363825	-18.912173000000003	-8.975805750000001	0.78182325
12.99085	-18.689053	-9.018197	0.771446
12.59033975	-18.468953	-9.05539675	0.7500232499999999
12.1898295	-18.248853	-9.092596499999999	0.7286005
11.78931925	-18.028753000000002	-9.129796249999998	0.70717775
11.388809	-17.808653	-9.166996	0.685755
11.004102	-17.59317375	-9.19755075	0.650787
10.619395	-17.3776945	-9.2281055	0.615819
10.234688	-17.162215250000003	-9.25866025	0.580851
9.849981	-16.946736	-9.289215	0.545883
9.48470925	-16.737526000000003	-9.311531250000002	0.4946605
9.1194375	-16.528316	-9.333847500000001	0.443438
8.75416575	-16.319105999999998	-9.35616375	0.3922155
8.388894	-16.109896	-9.37848	0.340993
8.04666025	-15.9085855	-9.39084725	0.27064225
7.7044265	-15.707275	-9.4032145	0.20029149999999998
7.36219275	-15.5059645	-9.415581750000001	0.12994075
7.019959	-15.304654	-9.427949	0.05959
6.70412575	-15.112756999999998	-9.428574000000001	-0.032859250000000007
6.3882925	-14.92086	-9.429199	-0.12530850000000002
6.07245925	-14.728963	-9.429824	-0.21775775000000003
5.756626	-14.537066	-9.430449	-0.310207
5.469993499999999	-14.3558235	-9.417504999999998	-0.42773
5.183361	-14.174581	-9.404561	-0.545253
4.8967285	-13.9933385	-9.391617	-0.662776
4.610096	-13.812096	-9.378673	-0.780299
4.35452175	-13.642296	-9.3503645	-0.92575575
4.0989475	-13.472496	-9.322056	-1.0712125
3.84337325	-13.302696000000001	-9.2937475	-1.2166692499999998
3.587799	-13.132896	-9.265439	-1.362126
3.36397025	-12.97476825	-9.2200865	-1.5381097499999998
3.1401415	-12.8166405	-9.174734	-1.7140935
2.91631275	-12.65851275	-9.129381500000001	-1.89007725
2.692484	-12.500385	-9.084029	-2.066061
2.499974	-12.353640500000001	-9.0201725	-2.27471025
2.307464	-12.206896	-8.956316	-2.4833594999999997
2.114954	-12.0601515	-8.8924595	-2.69200875
1.922444	-11.913407	-8.828603	-2.900658
1.75994625	-11.777368	-8.745130499999998	-3.14343075
1.5974485	-11.641328999999999	-8.661658	-3.3862034999999997
1.43495075	-11.505289999999999	-8.5781855	-3.62897625
1.272453	-11.369251	-8.494713	-3.871749
1.138028	-11.242989000000001	-8.391012250000001	-4.14915525
1.003603	-11.116727000000001	-8.287311500000001	-4.4265615
0.869178	-10.990465	-8.18361075	-4.70396775
0.734753	-10.864203	-8.07991	-4.981374
0.6260367499999999	-10.746663999999999	-7.95604375	-5.2926645
0.5173205	-10.629125	-7.8321775	-5.603955
0.40860425	-10.511586000000001	-7.7083112499999995	-5.9152455
0.299888	-10.394047	-7.584445	-6.226536