0.299892	-10.394049	-7.584445	-6.226536
0.21426925	-10.2841665	-7.44127525	-6.56946775
0.1286465	-10.174284	-7.2981055	-6.9123995
0.04302375	-10.0644015	-7.15493575	-7.25533125
-0.042599	-9.954519	-7.011766	-7.598263
-0.107853	-9.851304	-6.85088375	-7.9692275
-0.173107	-9.748089	-6.6900015	-8.340192
-0.238361	-9.644874	-6.52911925	-8.7111565
-0.303615	-9.541659	-6.368237	-9.082121
-0.3512255	-9.444239	-6.1916835	-9.47668625
-0.398836	-9.346819	-6.01513	-9.8712515
-0.4464465	-9.249399	-5.8385765	-10.26581675
-0.494057	-9.151979	-5.662023	-10.660382
-0.526663	-9.0596	-5.472004	-11.0738585
-0.559269	-8.967221	-5.281985	-11.487335
-0.591875	-8.874842	-5.091966	-11.9008115
-0.624481	-8.782463	-4.901947	-12.314288
-0.64457325	-8.6944825	-4.70066475	-12.74206375
-0.6646655	-8.606502	-4.4993825	-13.1698395
-0.68475775	-8.5185215	-4.29810025	-13.59761525
-0.70485	-8.430541	-4.096818	-14.025391
-0.71472825	-8.34641675	-3.88638025	-14.4631075
-0.7246065	-8.2622925	-3.6759425	-14.900824
-0.73448475	-8.17816825	-3.46550475	-15.3385405
-0.744363	-8.094044	-3.255067	-15.776257
-0.74610825	-8.0133235	-3.037431	-16.2199145
-0.7478535	-7.932603	-2.819795	-16.663572
-0.74959875	-7.8518825	-2.602159	-17.1072295
-0.751344	-7.771162	-2.384523	-17.550887
-0.7468045	-7.69347275	-2.161464	-17.99690575
-0.742265	-7.6157835	-1.938405	-18.4429245
-0.7377255	-7.53809425	-1.715346	-18.88894325
-0.733186	-7.460405	-1.492287	-19.334962
-0.7239745	-7.3854425	-1.26537975	-19.780207
-0.714763	-7.31048	-1.0384725	-20.225452
-0.7055515	-7.2355175	-0.81156525	-20.670697
-0.69634	-7.160555	-0.584658	-21.115942
-0.6838375	-7.0880735	-0.3552745	-21.5577255
-0.671335	-7.015592	-0.125891	-21.999509
-0.6588325	-6.9431105	0.1034925	-22.4412925
-0.64633	-6.870629	0.332876	-22.883076
-0.631698	-6.80043275	0.56356425	-23.319142
-0.617066	-6.7302365	0.7942525	-23.755208
-0.602434	-6.66004025	1.02494075	-24.191274
-0.587802	-6.589844	1.255629	-24.62734
-0.5719965	-6.5217765	1.48663875	-25.05583775
-0.556191	-6.453709	1.7176485	-25.4843355
-0.5403855	-6.3856415	1.94865825	-25.91283325
-0.52458	-6.317574	2.179668	-26.341331
-0.50836975	-6.25151275	2.410191	-26.76077925
-0.4921595	-6.1854515	2.640714	-27.1802275
-0.47594925	-6.11939025	2.871237	-27.59967575
-0.459739	-6.053329	3.10176	-28.019124
-0.443726	-5.9891765	3.3311445	-28.4283715
-0.427713	-5.925024	3.560529	-28.837619
-0.4117	-5.8608715	3.7899135	-29.2468665
-0.395687	-5.796719	4.019298	-29.656114
-0.38032625	-5.7343985	4.247031	-30.054299
-0.3649655	-5.672078	4.474764	-30.452484
-0.34960475	-5.6097575	4.702497	-30.850669
-0.334244	-5.547437	4.93023	-31.248854
-0.3198635	-5.48688625	5.1559175	-31.635361
-0.305483	-5.4263355	5.381605	-32.021868
-0.2911025	-5.36578475	5.6072925	-32.408375
-0.276722	-5.305234	5.83298	-32.794882
-0.26354225	-5.24640125	6.0563295	-33.1693035
-0.2503625	-5.1875685	6.279679	-33.543725
-0.23718275	-5.12873575	6.5030285	-33.9181465
-0.224003	-5.069903	6.726378	-34.292568
-0.212156	-5.012744	6.9471805	-34.65466525
-0.200309	-4.955585	7.167983	-35.0167625
-0.188462	-4.898426	7.3887855	-35.37885975
-0.176615	-4.841267	7.609588	-35.740957
-0.1661595	-4.785742	7.827701	-36.090627
-0.155704	-4.730217	8.045814	-36.440297
-0.1452485	-4.674692	8.263927	-36.789967
-0.134793	-4.619167	8.48204	-37.139637
-0.1257315	-4.56523775	8.6973735	-37.47688075
-0.11667	-4.5113085	8.912707	-37.8141245
-0.1076085	-4.45737925	9.1280405	-38.15136825
-0.098547	-4.40345	9.343374	-38.488612
-0.09083675	-4.35107925	9.55587675	-38.813507
-0.0831265	-4.2987085	9.7683795	-39.138402
-0.07541625	-4.24633775	9.98088225	-39.463297
-0.067706	-4.193967	10.193385	-39.788192
-0.06127325	-4.1431165	10.40303325	-40.10086975
-0.0548405	-4.092266	10.6126815	-40.4135475
-0.04840775	-4.0414155	10.82232975	-40.72622525
-0.041975	-3.990565	11.031978	-41.038903
-0.03672275	-3.941195	11.23876575	-41.33952875
-0.0314705	-3.891825	11.4455535	-41.6401545
-0.02621825	-3.842455	11.65234125	-41.94078025
-0.020966	-3.793085	11.859129	-42.241406
-0.01678325	-3.74515325	12.06306	-42.53016275
-0.0126005	-3.6972215	12.266991	-42.8189195
-0.00841775	-3.64928975	12.470922	-43.10767625
-0.004235	-3.601358	12.674853	-43.396433
-0.0010035	-3.55482	12.875933	-43.67350825
0.002228	-3.508282	13.077013	-43.9505835
0.0054595	-3.461744	13.278093	-44.22765875
0.008691	-3.415206	13.479173	-44.504734
0.01109175	-3.37001525	13.67740525	-44.7703095
0.0134925	-3.3248245	13.8756375	-45.035885
0.01589325	-3.27963375	14.07386975	-45.3014605
0.018294	-3.234443	14.272102	-45.567036
0.01998175	-3.1905495	14.467483	-45.82128075
0.0216695	-3.146656	14.662864	-46.0755255
0.02335725	-3.1027625	14.858245	-46.32977025
0.025045	-3.058869	15.053626	-46.584015
0.0261325	-3.0162215	15.246142	-46.827079
0.02722	-2.973574	15.438658	-47.070143
0.0283075	-2.9309265	15.631174	-47.313207
0.029395	-2.888279	15.82369	-47.556271
0.0299875	-2.846824	16.0133155	-47.7882825
0.03058	-2.805369	16.202941	-48.020294
0.0311725	-2.763914	16.3925665	-48.2523055
0.031765	-2.722459	16.582192	-48.484317
0.03195825	-2.68214125	16.76888725	-48.7053805
0.0321515	-2.6418235	16.9555825	-48.926444
0.03234475	-2.60150575	17.14227775	-49.1475075
0.032538	-2.561188	17.328973	-49.368571
0.032418	-2.52195075	17.512685	-49.57876675
0.032298	-2.4827135	17.696397	-49.7889625
0.032178	-2.44347625	17.880109	-49.99915825
0.032058	-2.404239	18.063821	-50.209354
0.031701	-2.366025	18.24448125	-50.40873775
0.031344	-2.327811	18.4251415	-50.6081215
0.030987	-2.289597	18.60580175	-50.80750525
0.03063	-2.251383	18.786462	-51.006889
0.0301015	-2.21413425	18.963989	-51.19549475
0.029573	-2.1768855	19.141516	-51.3841005
0.0290445	-2.13963675	19.319043	-51.57270625
0.028516	-2.102388	19.49657	-51.761312
0.0278725	-2.06604625	19.67086825	-51.939152
0.027229	-2.0297045	19.8451665	-52.116992
0.0265855	-1.99336275	20.01946475	-52.294832
0.025942	-1.957021	20.193763	-52.472672
0.02523	-1.921528	20.3647245	-52.639741
0.024518	-1.886035	20.535686	-52.80681
0.023806	-1.850542	20.7066475	-52.973879
0.023094	-1.815049	20.877609	-53.140948
0.022353	-1.78034675	21.045114	-53.29722425
0.021612	-1.7456445	21.212619	-53.4535005
0.020871	-1.71094225	21.380124	-53.60977675
0.02013	-1.67624	21.547629	-53.766053
0.019391	-1.64227125	21.711548	-53.911502
0.018652	-1.6083025	21.875467	-54.056951
0.017913	-1.57433375	22.039386	-54.2024
0.017174	-1.540365	22.203305	-54.347849
0.0164625	-1.50707275	22.363499	-54.4824255
0.015751	-1.4737805	22.523693	-54.617002
0.0150395	-1.44048825	22.683887	-54.7515785
0.014328	-1.407196	22.844081	-54.886155
0.01366325	-1.374525	23.00040375	-55.009806
0.0129985	-1.341854	23.1567265	-55.133457
0.01233375	-1.309183	23.31304925	-55.257108
0.011669	-1.276512	23.469372	-55.380759
0.011066	-1.24440725	23.6216705	-55.49342675
0.010463	-1.2123025	23.773969	-55.6060945
0.00986	-1.18019775	23.9262675	-55.71876225
0.009257	-1.148093	24.078566	-55.83143
0.008727	-1.116501	24.22668275	-55.93305375
0.008197	-1.084909	24.3747995	-56.0346775
0.007667	-1.053317	24.52291625	-56.13630125
0.007137	-1.021725	24.671033	-56.237925
0.0066885	-0.990593	24.81480625	-56.3284435
0.00624	-0.959461	24.9585795	-56.418962
0.0057915	-0.928329	25.10235275	-56.5094805
0.005343	-0.897197	25.246126	-56.599999
0.00498125	-0.86647425	25.38539175	-56.679353
0.0046195	-0.8357515	25.5246575	-56.758707
0.00425775	-0.80502875	25.66392325	-56.838061
0.003896	-0.774306	25.803189	-56.917415
0.00362575	-0.743942	25.93778175	-56.9855485
0.0033555	-0.713578	26.0723745	-57.053682
0.00308525	-0.683214	26.20696725	-57.1218155
0.002815	-0.65285	26.34156	-57.189949
0.00263875	-0.6227955	26.4713145	-57.246811
0.0024625	-0.592741	26.601069	-57.303673
0.00228625	-0.5626865	26.7308235	-57.360535
0.00211	-0.532632	26.860578	-57.417397
0.0020295	-0.502839	26.98532925	-57.46294275
0.001949	-0.473046	27.1100805	-57.5084885
0.0018685	-0.443253	27.23483175	-57.55403425
0.001788	-0.41346	27.359583	-57.59958
0.0018045	-0.383881	27.4791685	-57.633773
0.001821	-0.354302	27.598754	-57.667966
0.0018375	-0.324723	27.7183395	-57.702159
0.001854	-0.295144	27.837925	-57.736352
0.001968	-0.265732	27.95218375	-57.7591635
0.002082	-0.23632	28.0664425	-57.781975
0.002196	-0.206908	28.18070125	-57.8047865
0.00231	-0.177496	28.29496	-57.827598
0.00252125	-0.1482045	28.40373575	-57.8390085
0.0027325	-0.118913	28.5125115	-57.850419
0.00294375	-0.0896215	28.62128725	-57.8618295
0.003155	-0.06033	28.730063	-57.87324
0.0034625	-0.03111225	28.833203	-57.87324
0.00377	-0.0018945	28.936343	-57.87324
0.0040775	0.02732325	29.039483	-57.87324
0.004385	0.056541	29.142623	-57.87324
0.00478675	0.08573225	29.239979	-57.8618295
0.0051885	0.1149235	29.337335	-57.850419
0.00559025	0.14411475	29.434691	-57.8390085
0.005992	0.173306	29.532047	-57.827598
0.0064845	0.2025185	29.6234765	-57.8047865
0.006977	0.231731	29.714906	-57.781975
0.0074695	0.2609435	29.8063355	-57.7591635
0.007962	0.290156	29.897765	-57.736352
0.00853975	0.319439	29.98313075	-57.702159
0.0091175	0.348722	30.0684965	-57.667966
0.00969525	0.378005	30.15386225	-57.633773
0.010273	0.407288	30.239228	-57.59958
0.010928	0.436693	30.318399	-57.55403425
0.011583	0.466098	30.39757	-57.5084885
0.012238	0.495503	30.476741	-57.46294275
0.012893	0.524908	30.555912	-57.417397
0.01361375	0.55448875	30.628763	-57.360535
0.0143345	0.5840695	30.701614	-57.303673
0.01505525	0.61365025	30.774465	-57.246811
0.015776	0.643231	30.847316	-57.189949
0.01654725	0.67304425	30.91372775	-57.1218155
0.0173185	0.7028575	30.9801395	-57.053682
0.01808975	0.73267075	31.04655125	-56.9855485
0.018861	0.762484	31.112963	-56.917415
0.0196615	0.79259125	31.17282275	-56.838061
0.020462	0.8226985	31.2326825	-56.758707
0.0212625	0.85280575	31.29254225	-56.679353
0.022063	0.882913	31.352402	-56.599999
0.0228665	0.91338025	31.405602	-56.5094805
0.02367	0.9438475	31.458802	-56.418962
0.0244735	0.97431475	31.512002	-56.3284435
0.025277	1.004782	31.565202	-56.237925
0.02604975	1.035681	31.61164	-56.13630125
0.0268225	1.06658	31.658078	-56.0346775
0.02759525	1.097479	31.704516	-55.93305375
0.028368	1.128378	31.750954	-55.83143
0.029068	1.15978675	31.79053275	-55.71876225
0.029768	1.1911955	31.8301115	-55.6060945
0.030468	1.22260425	31.86969025	-55.49342675
0.031168	1.254013	31.909269	-55.380759
0.031745	1.28601725	31.94189475	-55.257108
0.032322	1.3180215	31.9745205	-55.133457
0.032899	1.35002575	32.00714625	-55.009806
0.033476	1.38203	32.039772	-54.886155
0.0338685	1.41472425	32.06535375	-54.7515785
0.034261	1.4474185	32.0909355	-54.617002
0.0346535	1.48011275	32.11651725	-54.4824255
0.035046	1.512807	32.142099	-54.347849
0.0351835	1.54629375	32.16054875	-54.2024
0.035321	1.5797805	32.1789985	-54.056951
0.0354585	1.61326725	32.19744825	-53.911502
0.035596	1.646754	32.215898	-53.766053
0.035396	1.68114625	32.2271275	-53.60977675
0.035196	1.7155385	32.238357	-53.4535005
0.034996	1.74993075	32.2495865	-53.29722425
0.034796	1.784323	32.260816	-53.140948
0.034165	1.81974325	32.2647365	-52.973879
0.033534	1.8551635	32.268657	-52.80681
0.032903	1.89058375	32.2725775	-52.639741
0.032272	1.926004	32.276498	-52.472672
0.03110575	1.96258525	32.27301875	-52.294832
0.0299395	1.9991665	32.2695395	-52.116992
0.02877325	2.03574775	32.26606025	-51.939152
0.027607	2.072329	32.262581	-51.761312
0.02579125	2.11021425	32.251608	-51.57270625
0.0239755	2.1480995	32.240635	-51.3841005
0.02215975	2.18598475	32.229662	-51.19549475
0.020344	2.22387	32.218689	-51.006889
0.01775625	2.2632115	32.2001225	-50.80750525
0.0151685	2.302553	32.181556	-50.6081215
0.01258075	2.3418945	32.1629895	-50.40873775
0.009993	2.381236	32.144423	-50.209354
0.0065045	2.4221945	32.11815675	-49.99915825
0.003016	2.463153	32.0918905	-49.7889625
-0.0004725	2.5041115	32.06562425	-49.57876675
-0.003961	2.54507	32.039358	-49.368571
-0.00848125	2.587812	32.0052775	-49.1475075
-0.0130015	2.630554	31.971197	-48.926444
-0.01752175	2.673296	31.9371165	-48.7053805
-0.022042	2.716038	31.903036	-48.484317
-0.0277235	2.76073425	31.86101725	-48.2523055
-0.033405	2.8054305	31.8189985	-48.020294
-0.0390865	2.85012675	31.77697975	-47.7882825
-0.044768	2.894823	31.734961	-47.556271
-0.05173225	2.94164475	31.68486925	-47.313207
-0.0586965	2.9884665	31.6347775	-47.070143
-0.06566075	3.03528825	31.58468575	-46.827079
-0.072625	3.08211	31.534594	-46.584015
-0.0809785	3.1312235	31.476284	-46.32977025
-0.089332	3.180337	31.417974	-46.0755255
-0.0976855	3.2294505	31.359664	-45.82128075
-0.106039	3.278564	31.301354	-45.567036
-0.115864	3.330126	31.2346685	-45.3014605
-0.125689	3.381688	31.167983	-45.035885
-0.135514	3.43325	31.1012975	-44.7703095
-0.145339	3.484812	31.034612	-44.504734
-0.15668325	3.538962	30.9593835	-44.22765875
-0.1680275	3.593112	30.884155	-43.9505835
-0.17937175	3.647262	30.8089265	-43.67350825
-0.190716	3.701412	30.733698	-43.396433
-0.20357925	3.758264	30.64975	-43.10767625
-0.2164425	3.815116	30.565802	-42.8189195
-0.22930575	3.871968	30.481854	-42.53016275
-0.242169	3.92882	30.397906	-42.241406
-0.25648975	3.98845275	30.305055	-41.94078025
-0.2708105	4.0480855	30.212204	-41.6401545
-0.28513125	4.10771825	30.119353	-41.33952875
-0.299452	4.167351	30.026502	-41.038903
-0.31509025	4.22979625	29.92456125	-40.726225
-0.3307285	4.2922415	29.8226205	-40.413547
-0.34636675	4.35468675	29.72067975	-40.100869
-0.362005	4.417132	29.618739	-39.788191
-0.37872425	4.482363	29.50752375	-39.463296
-0.3954435	4.547594	29.3963085	-39.138401
-0.41216275	4.612825	29.28509325	-38.813506
-0.428882	4.678056	29.173878	-38.488611
-0.4463295	4.7459715	29.0532125	-38.1513675
-0.463777	4.813887	28.932547	-37.814124
-0.4812245	4.8818025	28.8118815	-37.4768805
-0.498672	4.949718	28.691216	-37.139637
-0.51635775	5.02012775	28.5609405	-36.78996675
-0.5340435	5.0905375	28.430665	-36.4402965
-0.55172925	5.16094725	28.3003895	-36.09062625
-0.569415	5.231357	28.170114	-35.740956
-0.58668925	5.30396475	28.03009675	-35.37885875
-0.6039635	5.3765725	27.8900795	-35.0167615
-0.62123775	5.44918025	27.75006225	-34.65466425
-0.638512	5.521788	27.610045	-34.292567
-0.6545435	5.59617525	27.4601935	-33.9181455
-0.670575	5.6705625	27.310342	-33.543724
-0.6866065	5.74494975	27.1604905	-33.1693025
-0.702638	5.819337	27.010639	-32.794881
-0.7163925	5.89494525	26.85091475	-32.408374
-0.730147	5.9705535	26.6911905	-32.021867
-0.7439015	6.04616175	26.53146625	-31.63536
-0.757656	6.12177	26.371742	-31.248853
-0.7678765	6.19788325	26.2021775	-30.850668
-0.778097	6.2739965	26.032613	-30.452483
-0.7883175	6.35010975	25.8630485	-30.054298
-0.798538	6.426223	25.693484	-29.656113
-0.8037275	6.50195375	25.514201	-29.24686525
-0.808917	6.5776845	25.334918	-28.8376175
-0.8141065	6.65341525	25.155635	-28.42836975
-0.819296	6.729146	24.976352	-28.019122
-0.8177055	6.80342275	24.787582	-27.59967375
-0.816115	6.8776995	24.598812	-27.1802255
-0.8145245	6.95197625	24.410042	-26.76077725
-0.812934	7.026253	24.221272	-26.341329
-0.802558	7.09780925	24.023378	-25.912831
-0.792182	7.1693655	23.825484	-25.484333
-0.781806	7.24092175	23.62759	-25.055835
-0.77143	7.312478	23.429696	-24.627337
-0.750008	7.379851	23.223196	-24.191271
-0.728586	7.447224	23.016696	-23.755205
-0.707164	7.514597	22.810196	-23.319139
-0.685742	7.58197	22.603696	-22.883073
-0.650775	7.6435025	22.389285	-22.4412895
-0.615808	7.705035	22.174874	-21.999506
-0.580841	7.7665675	21.960463	-21.5577225
-0.545874	7.8281	21.746052	-21.115939
-0.49465225	7.8819535	21.5246245	-20.67069425
-0.4434305	7.935807	21.303197	-20.2254495
-0.39220875	7.9896605	21.0817695	-19.78020475
-0.340987	8.043514	20.860342	-19.33496
-0.27063675	8.0876925	20.633011	-18.888941
-0.2002865	8.131871	20.40568	-18.442922
-0.12993625	8.1760495	20.178349	-17.996903
-0.059586	8.220228	19.951018	-17.550884
0.03286275	8.2526155	19.71913025	-17.1072265
0.1253115	8.285003	19.4872425	-16.663569
0.21776025	8.3173905	19.25535475	-16.2199115
0.310209	8.349778	19.023467	-15.776254
0.42773175	8.368194	18.78861075	-15.33853775
0.5452545	8.38661	18.5537545	-14.9008215
0.66277725	8.405026	18.31889825	-14.46310525
0.7803	8.423442	18.084042	-14.025389
0.9257565	8.42571425	17.8480455	-13.59761325
1.071213	8.4279865	17.612049	-13.1698375
1.2166695	8.43025875	17.3760525	-12.74206175
1.362126	8.432531	17.140056	-12.314286
1.5381095	8.41659225	16.90497	-11.9008095
1.714093	8.4006535	16.669884	-11.487333
1.8900765	8.38471475	16.434798	-11.0738565
2.06606	8.368776	16.199712	-10.66038
2.274709	8.33278575	15.9677725	-10.265815
2.483358	8.2967955	15.735833	-9.87125
2.692007	8.26080525	15.5038935	-9.476685
2.900656	8.224815	15.271954	-9.08212
3.14342875	8.16731025	15.04551075	-8.7111555
3.3862015	8.1098055	14.8190675	-8.340191
3.62897425	8.05230075	14.59262425	-7.9692265
3.871747	7.994796	14.366181	-7.598262
4.149153	7.91486975	14.14754975	-7.25533075
4.426559	7.8349435	13.9289185	-6.9123995
4.703965	7.75501725	13.71028725	-6.56946825
4.981371	7.675091	13.491656	-6.226537
5.2926615	7.5725985	13.28285825	-5.91524675
5.603952	7.470106	13.0740605	-5.6039565
5.9152425	7.3676135	12.86526275	-5.29266625
6.226533	7.265121	12.656465	-4.981376