-1.036253	0.572343	0.027895	5.00E-06
-0.9728865	0.54267225	0.027169	5.00E-06
-0.90952	0.5130015	0.026443	5.00E-06
-0.8461535	0.48333075	0.025717	5.00E-06
-0.782787	0.45366	0.024991	5.00E-06
-0.69207225	0.41029425	0.023788	5.00E-06
-0.6013575	0.3669285	0.022585	5.00E-06
-0.51064275	0.32356275	0.021382	5.00E-06
-0.419928	0.280197	0.020179	5.00E-06
-0.2972155	0.2207235	0.01840225	5.00E-06
-0.174503	0.16125	0.0166255	5.00E-06
-0.0517905	0.1017765	0.01484875	5.00E-06
0.070922	0.042303	0.013072	5.00E-06
0.23039575	-0.03576975	0.0106195	5.00E-06
0.3898695	-0.1138425	0.008167	5.00E-06
0.54934325	-0.19191525	0.0057145	5.00E-06
0.708817	-0.269988	0.003262	5.00E-06
0.90976925	-0.36915325	2.68E-05	5.00E-06
1.1107215	-0.4683185	-0.0032085	5.00E-06
1.31167375	-0.56748375	-0.00644375	5.00E-06
1.512626	-0.666649	-0.009679	5.00E-06
1.75952075	-0.78930075	-0.0138035	4.75E-06
2.0064155	-0.9119525	-0.017928	4.50E-06
2.25331025	-1.03460425	-0.0220525	4.25E-06
2.500205	-1.157256	-0.026177	4.00E-06
2.7969945	-1.30555975	-0.03129425	3.50E-06
3.093784	-1.4538635	-0.0364115	3.00E-06
3.3905735	-1.60216725	-0.04152875	2.50E-06
3.687363	-1.750471	-0.046646	2.00E-06
4.03716875	-1.926207	-0.05285025	1.75E-06
4.3869745	-2.101943	-0.0590545	1.50E-06
4.73678025	-2.277679	-0.06525875	1.25E-06
5.086586	-2.453415	-0.071463	1.00E-06
5.4913185	-2.657786	-0.078833	2.50E-07
5.896051	-2.862157	-0.086203	-5.00E-07
6.3007835	-3.066528	-0.093573	-1.25E-06
6.705516	-3.270899	-0.100943	-2.00E-06
7.1654255	-3.504307	-0.10953375	-2.75E-06
7.625335	-3.737715	-0.1181245	-3.50E-06
8.0852445	-3.971123	-0.12671525	-4.25E-06
8.545154	-4.204531	-0.135306	-5.00E-06
9.05846225	-4.46638725	-0.145141	-6.00E-06
9.5717705	-4.7282435	-0.154976	-7.00E-06
10.08507875	-4.99009975	-0.164811	-8.00E-06
10.598387	-5.251956	-0.174646	-9.00E-06
11.16136525	-5.540716	-0.18571375	-1.00E-05
11.7243435	-5.829476	-0.1967815	-1.10E-05
12.28732175	-6.118236	-0.20784925	-1.20E-05
12.8503	-6.406996	-0.218917	-1.30E-05
13.45788375	-6.72045675	-0.23117425	-1.45E-05
14.0654675	-7.0339175	-0.2434315	-1.60E-05
14.67305125	-7.34737825	-0.25568875	-1.75E-05
15.280635	-7.660839	-0.267946	-1.90E-05
15.92711475	-7.996475	-0.28132625	-2.05E-05
16.5735945	-8.332111	-0.2947065	-2.20E-05
17.22007425	-8.667747	-0.30808675	-2.35E-05
17.866554	-9.003383	-0.321467	-2.50E-05
18.54601875	-9.358562	-0.335888	-2.68E-05
19.2254835	-9.713741	-0.350309	-2.85E-05
19.90494825	-10.06892	-0.36473	-3.03E-05
20.584413	-10.424099	-0.379151	-3.20E-05
21.2910115	-10.796207	-0.3945215	-3.40E-05
21.99761	-11.168315	-0.409892	-3.60E-05
22.7042085	-11.540423	-0.4252625	-3.80E-05
23.410807	-11.912531	-0.440633	-4.00E-05
24.13892725	-12.29905975	-0.456858	-4.23E-05
24.8670475	-12.6855885	-0.473083	-4.45E-05
25.59516775	-13.07211725	-0.489308	-4.68E-05
26.323288	-13.458646	-0.505533	-4.90E-05
27.06767675	-13.857251	-0.5225185	-5.15E-05
27.8120655	-14.255856	-0.539504	-5.40E-05
28.55645425	-14.654461	-0.5564895	-5.65E-05
29.300843	-15.053066	-0.573475	-5.90E-05
30.0566785	-15.46160275	-0.5911305	-6.15E-05
30.812514	-15.8701395	-0.608786	-6.40E-05
31.5683495	-16.27867625	-0.6264415	-6.65E-05
32.324185	-16.687213	-0.644097	-6.90E-05
33.08711475	-17.10375775	-0.66233825	-7.18E-05
33.8500445	-17.5203025	-0.6805795	-7.45E-05
34.61297425	-17.93684725	-0.69882075	-7.73E-05
35.375904	-18.353392	-0.717062	-8.00E-05
36.142057	-18.77624725	-0.7358125	-8.25E-05
36.90821	-19.1991025	-0.754563	-8.50E-05
37.674363	-19.62195775	-0.7733135	-8.75E-05
38.440516	-20.044813	-0.792064	-9.00E-05
39.206492	-20.47250375	-0.811256	-9.25E-05
39.972468	-20.9001945	-0.830448	-9.50E-05
40.738444	-21.32788525	-0.84964	-9.75E-05
41.50442	-21.755576	-0.868832	-0.0001
42.26726475	-22.18684	-0.888407	-0.00010225
43.0301095	-22.618104	-0.907982	-0.0001045
43.79295425	-23.049368	-0.927557	-0.00010675
44.555799	-23.480632	-0.947132	-0.000109
45.3129695	-23.91440275	-0.967041	-0.00011075
46.07014	-24.3481735	-0.98695	-0.0001125
46.8273105	-24.78194425	-1.006859	-0.00011425
47.584481	-25.215715	-1.026768	-0.000116
48.3338035	-25.65110075	-1.04697075	-0.00011725
49.083126	-26.0864865	-1.0671735	-0.0001185
49.8324485	-26.52187225	-1.08737625	-0.00011975
50.581771	-26.957258	-1.107579	-0.000121
51.3213965	-27.39352125	-1.12804425	-0.00012125
52.061022	-27.8297845	-1.1485095	-0.0001215
52.8006475	-28.26604775	-1.16897475	-0.00012175
53.540273	-28.702311	-1.18944	-0.000122
54.26862975	-29.1388435	-1.21014475	-0.000121
54.9969865	-29.575376	-1.2308495	-0.00012
55.72534325	-30.0119085	-1.25155425	-0.000119
56.4537	-30.448441	-1.272259	-0.000118
57.1694485	-30.88474075	-1.293187	-0.00011575
57.885197	-31.3210405	-1.314115	-0.0001135
58.6009455	-31.75734025	-1.335043	-0.00011125
59.316694	-32.19364	-1.355971	-0.000109
60.01868325	-32.62928825	-1.377113	-0.000105
60.7206725	-33.0649365	-1.398255	-0.000101
61.42266175	-33.50058475	-1.419397	-9.70E-05
62.124651	-33.936233	-1.440539	-9.30E-05
62.81187925	-34.370872	-1.46189175	-8.65E-05
63.4991075	-34.805511	-1.4832445	-8.00E-05
64.18633575	-35.24015	-1.50459725	-7.35E-05
64.873564	-35.674789	-1.52595	-6.70E-05
65.54514225	-36.10810025	-1.547515	-5.80E-05
66.2167205	-36.5414115	-1.56908	-4.90E-05
66.88829875	-36.97472275	-1.590645	-4.00E-05
67.559877	-37.408034	-1.61221	-3.10E-05
68.21499675	-37.83972	-1.633993	-1.90E-05
68.8701165	-38.271406	-1.655776	-7.00E-06
69.52523625	-38.703092	-1.677559	5.00E-06
70.180356	-39.134778	-1.699342	1.70E-05
70.818263	-39.56454375	-1.7213525	3.28E-05
71.45617	-39.9943095	-1.743363	4.85E-05
72.094077	-40.42407525	-1.7653735	6.43E-05
72.731984	-40.853841	-1.787384	8.00E-05
73.351956	-41.28137825	-1.8096345	9.95E-05
73.971928	-41.7089155	-1.831885	0.000119
74.5919	-42.13645275	-1.8541355	0.0001385
75.211872	-42.56399	-1.876386	0.000158
75.81320025	-42.98896375	-1.89889075	0.00018175
76.4145285	-43.4139375	-1.9213955	0.0002055
77.01585675	-43.83891125	-1.94390025	0.00022925
77.617185	-44.263885	-1.966405	0.000253
78.199161	-44.685921	-1.989181	0.00028175
78.781137	-45.107957	-2.011957	0.0003105
79.363113	-45.529993	-2.034733	0.00033925
79.945089	-45.952029	-2.057509	0.000368
80.50699525	-46.37070275	-2.080574	0.0004015
81.0689015	-46.7893765	-2.103639	0.000435
81.63080775	-47.20805025	-2.126704	0.0004685
82.192714	-47.626724	-2.149769	0.000502
82.73381825	-48.04155375	-2.173142	0.00054075
83.2749225	-48.4563835	-2.196515	0.0005795
83.81602675	-48.87121325	-2.219888	0.00061825
84.357131	-49.286043	-2.243261	0.000657
84.876683	-49.69648225	-2.2669615	0.00070075
85.396235	-50.1069215	-2.290662	0.0007445
85.915787	-50.51736075	-2.3143625	0.00078825
86.435339	-50.9278	-2.338063	0.000832
86.932572	-51.3332325	-2.362111	0.00088075
87.429805	-51.738665	-2.386159	0.0009295
87.927038	-52.1440975	-2.410207	0.00097825
88.424271	-52.54953	-2.434255	0.001027
88.89840325	-52.9492675	-2.4586705	0.00108025
89.3725355	-53.349005	-2.483086	0.0011335
89.84666775	-53.7487425	-2.5075015	0.00118675
90.3208	-54.14848	-2.531917	0.00124
90.77104075	-54.54176075	-2.55672025	0.0012965
91.2212815	-54.9350415	-2.5815235	0.001353
91.67152225	-55.32832225	-2.60632675	0.0014095
92.121763	-55.721603	-2.63113	0.001466
92.547318	-56.107593	-2.656341	0.00152525
92.972873	-56.493583	-2.681552	0.0015845
93.398428	-56.879573	-2.706763	0.00164375
93.823983	-57.265563	-2.731974	0.001703
94.224063	-57.64335825	-2.75761225	0.0017625
94.624143	-58.0211535	-2.7832505	0.001822
95.024223	-58.39894875	-2.80888875	0.0018815
95.424303	-58.776744	-2.834527	0.001941
95.798132	-59.1453755	-2.86061175	0.00199925
96.171961	-59.514007	-2.8866965	0.0020575
96.54579	-59.8826385	-2.91278125	0.00211575
96.919619	-60.25127	-2.938866	0.002174
97.26644325	-60.6097095	-2.9654165	0.00222775
97.6132675	-60.968149	-2.991967	0.0022815
97.96009175	-61.3265885	-3.0185175	0.00233525
98.306916	-61.685028	-3.045068	0.002389
98.62601375	-62.0321965	-3.072102	0.0024345
98.9451115	-62.379365	-3.099136	0.00248
99.26420925	-62.7265335	-3.12617	0.0025255
99.583307	-63.073702	-3.153204	0.002571
99.8739965	-63.40848	-3.18074	0.0026045
100.164686	-63.743258	-3.208276	0.002638
100.4553755	-64.078036	-3.235812	0.0026715
100.746065	-64.412814	-3.263348	0.002705
101.0077153	-64.73405225	-3.291403	0.002721
101.2693655	-65.0552905	-3.319458	0.002737
101.5310158	-65.37652875	-3.347513	0.002753
101.792666	-65.697767	-3.375568	0.002769
102.0247025	-66.004299	-3.40415925	0.0027615
102.256739	-66.310831	-3.4327505	0.002754
102.4887755	-66.617363	-3.46134175	0.0027465
102.720812	-66.923895	-3.489933	0.002739
102.9227258	-67.2145515	-3.5190765	0.0027015
103.1246395	-67.505208	-3.54822	0.002664
103.3265533	-67.7958645	-3.5773635	0.0026265
103.528467	-68.086521	-3.606507	0.002589
103.69982	-68.360145	-3.63621925	0.0025135
103.871173	-68.633769	-3.6659315	0.002438
104.042526	-68.907393	-3.69564375	0.0023625
104.213879	-69.181017	-3.725356	0.002287
104.3543093	-69.43647725	-3.75565275	0.002165
104.4947395	-69.6919375	-3.7859495	0.002043
104.6351698	-69.94739775	-3.81624625	0.001921
104.7756	-70.202858	-3.846543	0.001799
104.8848248	-70.43906625	-3.87743925	0.00162125
104.9940495	-70.6752745	-3.9083355	0.0014435
105.1032743	-70.91148275	-3.93923175	0.00126575
105.212499	-71.147691	-3.970128	0.001088
105.2903188	-71.36361625	-4.00163975	0.00084525
105.3681385	-71.5795415	-4.0331515	0.0006025
105.4459583	-71.79546675	-4.06466325	0.00035975
105.523778	-72.011392	-4.096175	0.000117
105.570075	-72.20607475	-4.12831725	-0.0002015
105.616372	-72.4007575	-4.1604595	-0.00052
105.662669	-72.59544025	-4.19260175	-0.0008385
105.708966	-72.790123	-4.224744	-0.001157
105.723706	-72.9626895	-4.25753275	-0.00156075
105.738446	-73.135256	-4.2903215	-0.0019645
105.753186	-73.3078225	-4.32311025	-0.00236825
105.767926	-73.480389	-4.355899	-0.002772
105.7511553	-73.63006225	-4.38935075	-0.003271
105.7343845	-73.7797355	-4.4228025	-0.00377
105.7176138	-73.92940875	-4.45625425	-0.004269
105.700843	-74.079082	-4.489706	-0.004768
105.652686	-74.205193	-4.5238375	-0.0053705
105.604529	-74.331304	-4.557969	-0.005973
105.556372	-74.457415	-4.5921005	-0.0065755
105.508215	-74.583526	-4.626232	-0.007178
105.4288698	-74.685522	-4.661062	-0.00789125
105.3495245	-74.787518	-4.695892	-0.0086045
105.2701793	-74.889514	-4.730722	-0.00931775
105.190834	-74.99151	-4.765552	-0.010031
105.0805675	-75.0689595	-4.80110075	-0.01086
104.970301	-75.146409	-4.8366495	-0.011689
104.8600345	-75.2238585	-4.87219825	-0.012518
104.749768	-75.301308	-4.907747	-0.013347
104.608909	-75.35390625	-4.944037	-0.01429275
104.46805	-75.4065045	-4.980327	-0.0152385
104.327191	-75.45910275	-5.016617	-0.01618425
104.186332	-75.511701	-5.052907	-0.01713
104.0152653	-75.539269	-5.08996375	-0.01818975
103.8441985	-75.566837	-5.1270205	-0.0192495
103.6731318	-75.594405	-5.16407725	-0.02030925
103.502065	-75.621973	-5.201134	-0.021369
103.3012233	-75.62445825	-5.23898625	-0.0225345
103.1003815	-75.6269435	-5.2768385	-0.0237
102.8995398	-75.62942875	-5.31469075	-0.0248655
102.698698	-75.631914	-5.352543	-0.026031
102.468554	-75.609385	-5.3912245	-0.02728675
102.23841	-75.586856	-5.429906	-0.0285425
102.008266	-75.564327	-5.4685875	-0.02979825
101.778122	-75.541798	-5.507269	-0.031054
101.5191803	-75.49444	-5.5468185	-0.03237625
101.2602385	-75.447082	-5.586368	-0.0336985
101.0012968	-75.399724	-5.6259175	-0.03502075
100.742355	-75.352366	-5.665467	-0.036343
100.4551428	-75.28047175	-5.705929	-0.037698
100.1679305	-75.2085775	-5.746391	-0.039053
99.88071825	-75.13668325	-5.786853	-0.040408
99.593506	-75.064789	-5.827315	-0.041763
99.278566	-74.96875	-5.868742	-0.04310575
98.963626	-74.872711	-5.910169	-0.0444485
98.648686	-74.776672	-5.951596	-0.04579125
98.333746	-74.680633	-5.993023	-0.047134
97.99162725	-74.5609275	-6.03547525	-0.04840575
97.6495085	-74.441222	-6.0779275	-0.0496775
97.30738975	-74.3215165	-6.12037975	-0.05094925
96.965271	-74.201811	-6.162832	-0.052221
96.59652125	-74.05899325	-6.206379	-0.053348
96.2277715	-73.9161755	-6.249926	-0.054475
95.85902175	-73.77335775	-6.293473	-0.055602
95.490272	-73.63054	-6.33702	-0.056729
95.0954305	-73.465226	-6.38174125	-0.057621
94.700589	-73.299912	-6.4264625	-0.058513
94.3057475	-73.134598	-6.47118375	-0.059405
93.910906	-72.969284	-6.515905	-0.060297
93.49049725	-72.7821395	-6.56189175	-0.060846
93.0700885	-72.594995	-6.6078785	-0.061395
92.64967975	-72.4078505	-6.65386525	-0.061944
92.229271	-72.220706	-6.699852	-0.062493
91.78379825	-72.01243325	-6.74720625	-0.06257175
91.3383255	-71.8041605	-6.7945605	-0.0626505
90.89285275	-71.59588775	-6.84191475	-0.06272925
90.44738	-71.387615	-6.889269	-0.062808
89.97732325	-71.15894075	-6.93810575	-0.06226975
89.5072665	-70.9302665	-6.9869425	-0.0617315
89.03720975	-70.70159225	-7.03577925	-0.06119325
88.567153	-70.472918	-7.084616	-0.060655
88.072964	-70.22458125	-7.13506225	-0.05933275
87.578775	-69.9762445	-7.1855085	-0.0580105
87.084586	-69.72790775	-7.23595475	-0.05668825
86.590397	-69.479571	-7.286401	-0.055366
86.07250125	-69.21231425	-7.33859575	-0.053075
85.5546055	-68.9450575	-7.3907905	-0.050784
85.03670975	-68.67780075	-7.44298525	-0.048493
84.518814	-68.410544	-7.49518	-0.046202
83.9776115	-68.125104	-7.5492735	-0.04273925
83.436409	-67.839664	-7.603367	-0.0392765
82.8952065	-67.554224	-7.6574605	-0.03581375
82.354004	-67.268784	-7.711554	-0.032351
81.78987325	-66.965886	-7.76770675	-0.02750025
81.2257425	-66.662988	-7.8238595	-0.0226495
80.66161175	-66.36009	-7.88001225	-0.01779875
80.097481	-66.057192	-7.936165	-0.012948
79.51078925	-65.73754575	-7.994544	-0.00648325
78.9240975	-65.4178995	-8.052923	-1.85E-05
78.33740575	-65.09825325	-8.111302	0.00644625
77.750714	-64.778607	-8.169681	0.012911
77.14182675	-64.4429055	-8.2304575	0.02121875
76.5329395	-64.107204	-8.291234	0.0295265
75.92405225	-63.7715025	-8.3520105	0.03783425
75.315165	-63.435801	-8.412787	0.046142
74.68446275	-63.08472275	-8.47613225	0.0565165
74.0537605	-62.7336445	-8.5394775	0.066891
73.42305825	-62.38256625	-8.60282275	0.0772655
72.792356	-62.031488	-8.666168	0.08764
72.140255	-61.665702	-8.732246	0.10028875
71.488154	-61.299916	-8.798324	0.1129375
70.836053	-60.93413	-8.864402	0.12558625
70.183952	-60.568344	-8.93048	0.138235
69.5109295	-60.1885185	-8.99944175	0.1533365
68.837907	-59.808693	-9.0684035	0.168438
68.1648845	-59.4288675	-9.13736525	0.1835395
67.491862	-59.049042	-9.206327	0.198641
66.798486	-58.6558555	-9.278301	0.2163275
66.10511	-58.262669	-9.350275	0.234014
65.411734	-57.8694825	-9.422249	0.2517005
64.718358	-57.476296	-9.494223	0.269387
64.0053255	-57.07045525	-9.56930425	0.28972625
63.292293	-56.6646145	-9.6443855	0.3100655
62.5792605	-56.25877375	-9.71946675	0.33040475
61.866228	-55.852933	-9.794548	0.350744
61.13440475	-55.43519	-9.8727855	0.37371525
60.4025815	-55.017447	-9.951023	0.3966865
59.67075825	-54.599704	-10.0292605	0.41965775
58.938935	-54.181961	-10.107498	0.442629
58.1894035	-53.75313725	-10.188881	0.4680985
57.439872	-53.3243135	-10.270264	0.493568
56.6903405	-52.89548975	-10.351647	0.5190375
55.940809	-52.466666	-10.43303	0.544507
55.174921	-52.0276775	-10.5174705	0.572198
54.409033	-51.588689	-10.601911	0.599889
53.643145	-51.1497005	-10.6863515	0.62758
52.877257	-50.710712	-10.770792	0.655271
52.09668825	-50.262599	-10.85810725	0.684731
51.3161195	-49.814486	-10.9454225	0.714191
50.53555075	-49.366373	-11.03273775	0.743651
49.754982	-48.91826	-11.120053	0.773111
48.96179175	-48.46221575	-11.20994575	0.8036775
48.1686015	-48.0061715	-11.2998385	0.834244
47.37541125	-47.55012725	-11.38973125	0.8648105
46.582221	-47.094083	-11.479624	0.895377
45.7789115	-46.63148725	-11.57166025	0.92613975
44.975602	-46.1688915	-11.6636965	0.9569025
44.1722925	-45.70629575	-11.75573275	0.98766525
43.368983	-45.2437	-11.847769	1.018428
42.55855725	-44.77614875	-11.941357	1.04819075
41.7481315	-44.3085975	-12.034945	1.0779535
40.93770575	-43.84104625	-12.128533	1.10771625
40.12728	-43.373495	-12.222121	1.137479
39.3132955	-42.90283	-12.31648875	1.16472075
38.499311	-42.432165	-12.4108565	1.1919625
37.6853265	-41.9615	-12.50522425	1.21920425
36.871342	-41.490835	-12.599592	1.246446
36.0579545	-41.019169	-12.69376475	1.2692845
35.244567	-40.547503	-12.7879375	1.292123
34.4311795	-40.075837	-12.88211025	1.3149615
33.617792	-39.604171	-12.976283	1.3378
32.809785	-39.1339055	-13.06906375	1.353957
32.001778	-38.66364	-13.1618445	1.370114
31.193771	-38.1933745	-13.25462525	1.386271
30.385764	-37.723109	-13.347406	1.402428
29.58855925	-37.25694325	-13.437359	1.40920325
28.7913545	-36.7907775	-13.527312	1.4159785
27.99414975	-36.32461175	-13.617265	1.42275375
27.196945	-35.858446	-13.707218	1.429529
26.41658075	-35.39936925	-13.79265525	1.42377975
25.6362165	-34.9402925	-13.8780925	1.4180305
24.85585225	-34.48121575	-13.96352975	1.41228125
24.075488	-34.022139	-14.048967	1.406532
23.31856075	-33.57340625	-14.1279425	1.384667
22.5616335	-33.1246735	-14.206918	1.362802
21.80470625	-32.67594075	-14.2858935	1.340937
21.047779	-32.227208	-14.364869	1.319072
20.32132875	-31.792286	-14.43518325	1.2770615
19.5948785	-31.357364	-14.5054975	1.235051
18.86842825	-30.922442	-14.57581175	1.1930405
18.141978	-30.48752	-14.646126	1.15103
17.453303	-30.06999825	-14.7053385	1.0844355
16.764628	-29.6524765	-14.764551	1.017841
16.075953	-29.23495475	-14.8237635	0.9512465
15.387278	-28.817433	-14.882976	0.884652
14.74363925	-28.42088225	-14.928434	0.78868325
14.1000005	-28.0243315	-14.973892	0.6927145
13.45636175	-27.62778075	-15.01935	0.59674575
12.812723	-27.23123	-15.064808	0.500777
12.220828	-26.85894575	-15.093694	0.37038
11.628933	-26.4866615	-15.12258	0.239983
11.037038	-26.11437725	-15.151466	0.109586
10.445143	-25.742093	-15.180352	-0.020811
9.91031575	-25.39668525	-15.18974925	-0.190828
9.3754885	-25.0512775	-15.1991465	-0.360845
8.84066125	-24.70586975	-15.20854375	-0.530862
8.305834	-24.360462	-15.217941	-0.700879
7.83121775	-24.04346075	-15.20492575	-0.91567625
7.3566015	-23.7264595	-15.1919105	-1.1304735
6.88198525	-23.40945825	-15.17889525	-1.34527075
6.407369	-23.092457	-15.16588	-1.560068
5.99370275	-22.804203	-15.127641	-1.82455275
5.5800365	-22.515949	-15.089402	-2.0890375
5.16637025	-22.227695	-15.051163	-2.35352225
4.752704	-21.939441	-15.012924	-2.618007
4.398666	-21.67925925	-14.94691475	-2.936557
4.044628	-21.4190775	-14.8809055	-3.255107
3.69059	-21.15889575	-14.81489625	-3.573657
3.336552	-20.898714	-14.748887	-3.892207
3.03926375	-20.66516775	-14.65301375	-4.26832925
2.7419755	-20.4316215	-14.5571405	-4.6444515
2.44468725	-20.19807525	-14.46126725	-5.02057375
2.147399	-19.964529	-14.365394	-5.396696
1.90288125	-19.75564725	-14.238242	-5.83261775
1.6583635	-19.5467655	-14.11109	-6.2685395
1.41384575	-19.33788375	-13.983938	-6.70446125
1.169328	-19.129002	-13.856786	-7.140383
0.9728815	-18.942468	-13.69788775	-7.63657
0.776435	-18.755934	-13.5389895	-8.132757
0.5799885	-18.5694	-13.38009125	-8.628944
0.383542	-18.382866	-13.221193	-9.125131
0.23006325	-18.21618025	-13.03133125	-9.67973025
0.0765845	-18.0494945	-12.8414695	-10.2343295
-0.07689425	-17.88280875	-12.65160775	-10.78892875
-0.230373	-17.716123	-12.461746	-11.343528
-0.34613725	-17.566752	-12.243152	-11.951961
-0.4619015	-17.417381	-12.024558	-12.560394
-0.57766575	-17.26801	-11.805964	-13.168827
-0.69343	-17.118639	-11.58737	-13.77726
-0.77668325	-16.9841465	-11.34354225	-14.4325245
-0.8599365	-16.849654	-11.0997145	-15.087789
-0.94318975	-16.7151615	-10.85588675	-15.7430535
-1.026443	-16.580669	-10.612059	-16.398318
-1.08218875	-16.45879675	-10.34719725	-17.09206225
-1.1379345	-16.3369245	-10.0823355	-17.7858065
-1.19368025	-16.21505225	-9.81747375	-18.47955075
-1.249426	-16.09318	-9.552612	-19.173295
-1.28235675	-15.981882	-9.27106075	-19.89690625
-1.3152875	-15.870584	-8.9895095	-20.6205175
-1.34821825	-15.759286	-8.70795825	-21.34412875
-1.381149	-15.647988	-8.426407	-22.06774
-1.39557325	-15.5454425	-8.132345	-22.81295725
-1.4099975	-15.442897	-7.838283	-23.5581745
-1.42442175	-15.3403515	-7.544221	-24.30339175
-1.438846	-15.237806	-7.250159	-25.048609
-1.438643	-15.14241675	-6.9474475	-25.807819
-1.43844	-15.0470275	-6.644736	-26.567029
-1.438237	-14.95163825	-6.3420245	-27.326239
-1.438034	-14.856249	-6.039313	-28.085449
-1.42663275	-14.76664175	-5.731412	-28.851844
-1.4152315	-14.6770345	-5.423511	-29.618239
-1.40383025	-14.58742725	-5.11561	-30.384634
-1.392429	-14.49782	-4.807709	-31.151029
-1.3728065	-14.41283	-4.4976375	-31.9186785
-1.353184	-14.32784	-4.187566	-32.686328
-1.3335615	-14.24285	-3.8774945	-33.4539775
-1.313939	-14.15786	-3.567423	-34.221627
-1.28863275	-14.0765185	-3.25775075	-34.9854895
-1.2633265	-13.995177	-2.9480785	-35.749352
-1.23802025	-13.9138355	-2.63840625	-36.5132145
-1.212714	-13.832494	-2.328734	-37.277077
-1.18384575	-13.75400975	-2.021592	-38.03297175
-1.1549775	-13.6755255	-1.71445	-38.7888665
-1.12610925	-13.59704125	-1.407308	-39.54476125
-1.097241	-13.518557	-1.100166	-40.300656
-1.066547	-13.44229825	-0.79727225	-41.045207
-1.035853	-13.3660395	-0.4943785	-41.789758
-1.005159	-13.28978075	-0.19148475	-42.534309
-0.974465	-13.213522	0.111409	-43.27886
-0.9433325	-13.13899625	0.40871475	-44.0094215
-0.9122	-13.0644705	0.7060205	-44.739983
-0.8810675	-12.98994475	1.00332625	-45.4705445
-0.849935	-12.915419	1.300632	-46.201106
-0.81944075	-12.8422555	1.5913495	-46.91567975
-0.7889465	-12.769092	1.882067	-47.6302535
-0.75845225	-12.6959285	2.1727845	-48.34482725
-0.727958	-12.622765	2.463502	-49.059401
-0.6989065	-12.55069425	2.74692725	-49.75655025
-0.669855	-12.4786235	3.0303525	-50.4536995
-0.6408035	-12.40655275	3.31377775	-51.15084875
-0.611752	-12.334482	3.597203	-51.847998
-0.58471425	-12.26332025	3.87288825	-52.52676025
-0.5576765	-12.1921585	4.1485735	-53.2055225
-0.53063875	-12.12099675	4.42425875	-53.88428475
-0.503601	-12.049835	4.699944	-54.563047
-0.4789515	-11.9794675	4.96765575	-55.222851
-0.454302	-11.9091	5.2353675	-55.882655
-0.4296525	-11.8387325	5.50307925	-56.542459
-0.405003	-11.768365	5.770791	-57.202263
-0.38295425	-11.698733	6.03047375	-57.84285125
-0.3609055	-11.629101	6.2901565	-58.4834395
-0.33885675	-11.559469	6.54983925	-59.12402775
-0.316808	-11.489837	6.809522	-59.764616
-0.297441	-11.420923	7.06126225	-60.385975
-0.278074	-11.352009	7.3130025	-61.007334
-0.258707	-11.283095	7.56474275	-61.628693
-0.23934	-11.214181	7.816483	-62.250052
-0.222633	-11.146	8.06047925	-62.8523495
-0.205926	-11.077819	8.3044755	-63.454647
-0.189219	-11.009638	8.54847175	-64.0569445
-0.172512	-10.941457	8.792468	-64.659242
-0.1583655	-10.87404625	9.029004	-65.24277225
-0.144219	-10.8066355	9.26554	-65.8263025
-0.1300725	-10.73922475	9.502076	-66.40983275
-0.115926	-10.671814	9.738612	-66.993363
-0.10418275	-10.60522525	9.968033	-67.55850075
-0.0924395	-10.5386365	10.197454	-68.1236385
-0.08069625	-10.47204775	10.426875	-68.68877625
-0.068953	-10.405459	10.656296	-69.253914
-0.05941875	-10.33975225	10.87898875	-69.80107575
-0.0498845	-10.2740455	11.1016815	-70.3482375
-0.04035025	-10.20833875	11.32437425	-70.89539925
-0.030816	-10.142632	11.547067	-71.442561
-0.0232715	-10.07787025	11.7634455	-71.97217375
-0.015727	-10.0131085	11.979824	-72.5017865
-0.0081825	-9.94834675	12.1962025	-73.03139925
-0.000638	-9.883585	12.412581	-73.561012
0.00514625	-9.81983025	12.62307075	-74.0734875
0.0109305	-9.7560755	12.8335605	-74.585963
0.01671475	-9.69232075	13.04405025	-75.0984385
0.022499	-9.628566	13.25454	-75.610914
0.0267535	-9.565877	13.45956925	-76.10663125
0.031008	-9.503188	13.6645985	-76.6023485
0.0352625	-9.440499	13.86962775	-77.09806575
0.039517	-9.37781	14.074657	-77.593783
0.04246725	-9.31623875	14.27464825	-78.07307425
0.0454175	-9.2546675	14.4746395	-78.5523655
0.04836775	-9.19309625	14.67463075	-79.03165675
0.051318	-9.131525	14.874622	-79.510948
0.0531765	-9.07111675	15.0699855	-79.974088
0.055035	-9.0107085	15.265349	-80.437228
0.0568935	-8.95030025	15.4607125	-80.900368
0.058752	-8.889892	15.656076	-81.363508
0.059716	-8.83068325	15.84720525	-81.81071025
0.06068	-8.7714745	16.0383345	-82.2579125
0.061644	-8.71226575	16.22946375	-82.70511475
0.062608	-8.653057	16.420593	-83.152317
0.062857	-8.5950765	16.607861	-83.58373075
0.063106	-8.537096	16.795129	-84.0151445
0.063355	-8.4791155	16.982397	-84.44655825
0.063604	-8.421135	17.169665	-84.877972
0.06329725	-8.3644025	17.35342175	-85.293682
0.0629905	-8.30767	17.5371785	-85.709392
0.06268375	-8.2509375	17.72093525	-86.125102
0.062377	-8.194205	17.904692	-86.540812
0.06165425	-8.138732	18.0852635	-86.94084
0.0609315	-8.083259	18.265835	-87.340868
0.06020875	-8.027786	18.4464065	-87.740896
0.059486	-7.972313	18.626978	-88.140924
0.05846725	-7.91810375	18.804663	-88.525234
0.0574485	-7.8638945	18.982348	-88.909544
0.05642975	-7.80968525	19.160033	-89.293854
0.055411	-7.755476	19.337718	-89.678164
0.05419725	-7.70252725	19.5127885	-90.0466645
0.0529835	-7.6495785	19.687859	-90.415165
0.05176975	-7.59662975	19.8629295	-90.7836655
0.050556	-7.543681	20.038	-91.152166
0.049231	-7.49198425	20.210699	-91.5047175
0.047906	-7.4402875	20.383398	-91.857269
0.046581	-7.38859075	20.556097	-92.2098205
0.045256	-7.336894	20.728796	-92.562372
0.043887	-7.28643425	20.899337	-92.898791
0.042518	-7.2359745	21.069878	-93.23521
0.041149	-7.18551475	21.240419	-93.571629
0.03978	-7.135055	21.41096	-93.908048
0.03842025	-7.0858135	21.5795255	-94.228114
0.0370605	-7.036572	21.748091	-94.54818
0.03570075	-6.9873305	21.9166565	-94.868246
0.034341	-6.938089	22.085222	-95.188312
0.033031	-6.890043	22.251962	-95.49177275
0.031721	-6.841997	22.418702	-95.7952335
0.030411	-6.793951	22.585442	-96.09869425
0.029101	-6.745905	22.752182	-96.402155
0.02786975	-6.69902825	22.91721225	-96.6887335
0.0266385	-6.6521515	23.0822425	-96.975312
0.02540725	-6.60527475	23.24727275	-97.2618905
0.024176	-6.558398	23.412303	-97.548469
0.023044	-6.5126625	23.57570475	-97.81786825
0.021912	-6.466927	23.7391065	-98.0872675
0.02078	-6.4211915	23.90250825	-98.35666675
0.019648	-6.375456	24.06591	-98.626066
0.018627	-6.3308315	24.22772675	-98.8779755
0.017606	-6.286207	24.3895435	-99.129885
0.016585	-6.2415825	24.55136025	-99.3817945
0.015564	-6.196958	24.713177	-99.633704
0.0146605	-6.15341375	24.873414	-99.86780375
0.013757	-6.1098695	25.033651	-100.1019035
0.0128535	-6.06632525	25.193888	-100.3360033
0.01195	-6.022781	25.354125	-100.570103
0.01116425	-5.98028475	25.5127475	-100.7860703
0.0103785	-5.9377885	25.67137	-101.0020375
0.00959275	-5.89529225	25.8299925	-101.2180048
0.008807	-5.852796	25.988615	-101.433972
0.00813625	-5.8113155	26.14554725	-101.6314848
0.0074655	-5.769835	26.3024795	-101.8289975
0.00679475	-5.7283545	26.45941175	-102.0265103
0.006124	-5.686874	26.616344	-102.224023
0.00556225	-5.64637725	26.7714675	-102.4027645
0.0050005	-5.6058805	26.926591	-102.581506
0.00443875	-5.56538375	27.0817145	-102.7602475
0.003877	-5.524887	27.236838	-102.938989
0.0034165	-5.485342	27.3899915	-103.0986528
0.002956	-5.445797	27.543145	-103.2583165
0.0024955	-5.406252	27.6962985	-103.4179803
0.002035	-5.366707	27.849452	-103.577644
0.00166625	-5.3280825	28.000432	-103.717937
0.0012975	-5.289458	28.151412	-103.85823
0.00092875	-5.2508335	28.302392	-103.998523
0.00056	-5.212209	28.453372	-104.138816
0.00027325	-5.17447425	28.601932	-104.2594623
-1.35E-05	-5.1367395	28.750492	-104.3801085
-0.00030025	-5.09900475	28.899052	-104.5007548
-0.000587	-5.06127	29.047612	-104.621401
-0.000802	-5.02439525	29.193464	-104.7221458
-0.001017	-4.9875205	29.339316	-104.8228905
-0.001232	-4.95064575	29.485168	-104.9236353
-0.001447	-4.913771	29.63102	-105.02438
-0.0016005	-4.87772725	29.7738365	-105.1049915
-0.001754	-4.8416835	29.916653	-105.185603
-0.0019075	-4.80563975	30.0594695	-105.2662145
-0.002061	-4.769596	30.202286	-105.346826
-0.0021625	-4.734355	30.34170225	-105.4070993
-0.002264	-4.699114	30.4811185	-105.4673725
-0.0023655	-4.663873	30.62053475	-105.5276458
-0.002467	-4.628632	30.759951	-105.587919
-0.0025255	-4.594167	30.8955675	-105.6276783
-0.002584	-4.559702	31.031184	-105.6674375
-0.0026425	-4.525237	31.1668005	-105.7071968
-0.002701	-4.490772	31.302417	-105.746956
-0.0027245	-4.45705675	31.4338035	-105.7660555
-0.002748	-4.4233415	31.56519	-105.785155
-0.0027715	-4.38962625	31.6965765	-105.8042545
-0.002795	-4.355911	31.827963	-105.823354
-0.00279125	-4.32292	31.9546625	-105.821681
-0.0027875	-4.289929	32.081362	-105.820008
-0.00278375	-4.256938	32.2080615	-105.818335
-0.00278	-4.223947	32.334761	-105.816662
-0.00275525	-4.19165625	32.456294	-105.794137
-0.0027305	-4.1593655	32.577827	-105.771612
-0.00270575	-4.12707475	32.69936	-105.749087
-0.002681	-4.094784	32.820893	-105.726562
-0.00264125	-4.06316925	32.93676275	-105.683139
-0.0026015	-4.0315545	33.0526325	-105.639716
-0.00256175	-3.99993975	33.16850225	-105.596293
-0.002522	-3.968325	33.284372	-105.55287
-0.00247175	-3.937364	33.3940695	-105.4885368
-0.0024215	-3.906403	33.503767	-105.4242035
-0.00237125	-3.875442	33.6134645	-105.3598703
-0.002321	-3.844481	33.723162	-105.295537
-0.0022645	-3.81415075	33.8261715	-105.2103138
-0.002208	-3.7838205	33.929181	-105.1250905
-0.0021515	-3.75349025	34.0321905	-105.0398673
-0.002095	-3.72316	34.1352	-104.954644
-0.00203525	-3.69343925	34.231003	-104.848582
-0.0019755	-3.6637185	34.326806	-104.74252
-0.00191575	-3.63399775	34.422609	-104.636458
-0.001856	-3.604277	34.518412	-104.530396
-0.0017955	-3.575144	34.606493	-104.4035738
-0.001735	-3.546011	34.694574	-104.2767515
-0.0016745	-3.516878	34.782655	-104.1499293
-0.001614	-3.487745	34.870736	-104.023107
-0.00155525	-3.459179	34.9505865	-103.875628
-0.0014965	-3.430613	35.030437	-103.728149
-0.00143775	-3.402047	35.1102875	-103.58067
-0.001379	-3.373481	35.190138	-103.433191
-0.00132325	-3.3454615	35.26126025	-103.2651775
-0.0012675	-3.317442	35.3323825	-103.097164
-0.00121175	-3.2894225	35.40350475	-102.9291505
-0.001156	-3.261403	35.474627	-102.761137
-0.00110425	-3.23390925	35.53653675	-102.5727258
-0.0010525	-3.2064155	35.5984465	-102.3843145
-0.00100075	-3.17892175	35.66035625	-102.1959033
-0.000949	-3.151428	35.722266	-102.007492
-0.00090175	-3.12443975	35.774495	-101.7988258
-0.0008545	-3.0974515	35.826724	-101.5901595
-0.00080725	-3.07046325	35.878953	-101.3814933
-0.00076	-3.043475	35.931182	-101.172827
-0.000718	-3.016972	35.97327925	-100.9440478
-0.000676	-2.990469	36.0153765	-100.7152685
-0.000634	-2.963966	36.05747375	-100.4864893
-0.000592	-2.937463	36.099571	-100.25771
-0.00055525	-2.911425	36.13110225	-100.0089498
-0.0005185	-2.885387	36.1626335	-99.7601895
-0.00048175	-2.859349	36.19416475	-99.51142925
-0.000445	-2.833311	36.225696	-99.262669
-0.00041325	-2.80771775	36.24624375	-98.99403875
-0.0003815	-2.7821245	36.2667915	-98.7254085
-0.00034975	-2.75653125	36.28733925	-98.45677825
-0.000318	-2.730938	36.307887	-98.188148
-0.00029125	-2.70576925	36.317048	-97.899729
-0.0002645	-2.6806005	36.326209	-97.61131
-0.00023775	-2.65543175	36.33537	-97.322891
-0.000211	-2.630263	36.344531	-97.034472
-0.00018875	-2.60549825	36.341913	-96.72630225
-0.0001665	-2.5807335	36.339295	-96.4181325
-0.00014425	-2.55596875	36.336677	-96.10996275
-0.000122	-2.531204	36.334059	-95.801793
-0.00010425	-2.506823	36.31927775	-95.47385725
-8.65E-05	-2.482442	36.3044965	-95.1459215
-6.88E-05	-2.458061	36.28971525	-94.81798575
-5.10E-05	-2.43368	36.274934	-94.49005
-3.68E-05	-2.4096625	36.24760825	-94.14226725
-2.25E-05	-2.385645	36.2202825	-93.7944845
-8.25E-06	-2.3616275	36.19295675	-93.44670175
6.00E-06	-2.33761	36.165631	-93.098919
1.68E-05	-2.31393575	36.1253775	-92.7311315
2.75E-05	-2.2902615	36.085124	-92.363344
3.83E-05	-2.26658725	36.0448705	-91.9955565
4.90E-05	-2.242913	36.004617	-91.627769
5.68E-05	-2.21956225	35.9510455	-91.239732
6.45E-05	-2.1962115	35.897474	-90.851695
7.23E-05	-2.17286075	35.8439025	-90.463658
8.00E-05	-2.14951	35.790331	-90.075621
8.55E-05	-2.1264635	35.723039	-89.6669935
9.10E-05	-2.103417	35.655747	-89.258366
9.65E-05	-2.0803705	35.588455	-88.8497385
0.000102	-2.057324	35.521163	-88.441111
0.00010525	-2.034563	35.4397315	-88.01145
0.0001085	-2.011802	35.3583	-87.581789
0.00011175	-1.989041	35.2768685	-87.152128
0.000115	-1.96628	35.195437	-86.722467
0.00011675	-1.94378725	35.09942625	-86.2712235
0.0001185	-1.9212945	35.0034155	-85.81998
0.00012025	-1.89880175	34.90740475	-85.3687365
0.000122	-1.876309	34.811394	-84.917493
0.00012225	-1.85406825	34.70034275	-84.4440125
0.0001225	-1.8318275	34.5892915	-83.970532
0.00012275	-1.80958675	34.47824025	-83.4970515
0.000123	-1.787346	34.367189	-83.023571
0.00012225	-1.76534325	34.2406135	-82.52709975
0.0001215	-1.7433405	34.114038	-82.0306285
0.00012075	-1.72133775	33.9874625	-81.53415725
0.00012	-1.699335	33.860887	-81.037686
0.0001185	-1.677558	33.7182845	-80.51738175
0.000117	-1.655781	33.575682	-79.9970775
0.0001155	-1.634004	33.4330795	-79.47677325
0.000114	-1.612227	33.290477	-78.956469
0.000112	-1.59066725	33.13133175	-78.41142125
0.00011	-1.5691075	32.9721865	-77.8663735
0.000108	-1.54754775	32.81304125	-77.32132575
0.000106	-1.525988	32.653896	-76.776278
0.00010375	-1.50463975	32.47768975	-76.205534
0.0001015	-1.4832915	32.3014835	-75.63479
9.93E-05	-1.46194325	32.12527725	-75.064046
9.70E-05	-1.440595	31.949071	-74.493302
9.43E-05	-1.4194575	31.75529825	-73.8959055
9.15E-05	-1.39832	31.5615255	-73.298509
8.88E-05	-1.3771825	31.36775275	-72.7011125
8.60E-05	-1.356045	31.17398	-72.103716
8.35E-05	-1.33512175	30.962168	-71.4787545
8.10E-05	-1.3141985	30.750356	-70.853793
7.85E-05	-1.29327525	30.538544	-70.2288315
7.60E-05	-1.272352	30.326732	-69.60387
7.33E-05	-1.25165325	30.09646825	-68.95053525
7.05E-05	-1.2309545	29.8662045	-68.2972005
6.78E-05	-1.21025575	29.63594075	-67.64386575
6.50E-05	-1.189557	29.405677	-66.990531
6.25E-05	-1.16909875	29.15664175	-66.30819175
6.00E-05	-1.1486405	28.9076065	-65.6258525
5.75E-05	-1.12818225	28.65857125	-64.94351325
5.50E-05	-1.107724	28.409536	-64.261174
5.28E-05	-1.08753	28.14154225	-63.549462
5.05E-05	-1.067336	27.8735485	-62.83775
4.83E-05	-1.047142	27.60555475	-62.126038
4.60E-05	-1.026948	27.337561	-61.414326
4.38E-05	-1.00704975	27.05060175	-60.6732355
4.15E-05	-0.9871515	26.7636425	-59.932145
3.93E-05	-0.96725325	26.47668325	-59.1910545
3.70E-05	-0.947355	26.189724	-58.449964
3.50E-05	-0.927793	25.88402625	-57.67996375
3.30E-05	-0.908231	25.5783285	-56.9099635
3.10E-05	-0.888669	25.27263075	-56.13996325
2.90E-05	-0.869107	24.966933	-55.369963
2.73E-05	-0.84993025	24.6430175	-54.57212
2.55E-05	-0.8307535	24.319102	-53.774277
2.38E-05	-0.81157675	23.9951865	-52.976434
2.20E-05	-0.7924	23.671271	-52.178591
2.05E-05	-0.7736675	23.33001775	-51.3547025
1.90E-05	-0.754935	22.9887645	-50.530814
1.75E-05	-0.7362025	22.64751125	-49.7069255
1.60E-05	-0.71747	22.306258	-48.883037
1.48E-05	-0.69924925	21.9489745	-48.0357675
1.35E-05	-0.6810285	21.591691	-47.188498
1.23E-05	-0.66280775	21.2344075	-46.3412285
1.10E-05	-0.644587	20.877124	-45.493959
1.00E-05	-0.6269545	20.505615	-44.6269775
9.00E-06	-0.609322	20.134106	-43.759996
8.00E-06	-0.5916895	19.762597	-42.8930145
7.00E-06	-0.574057	19.391088	-42.026033
6.25E-06	-0.5570965	19.0077215	-41.1441415
5.50E-06	-0.540136	18.624355	-40.26225
4.75E-06	-0.5231755	18.2409885	-39.3803585
4.00E-06	-0.506215	17.857622	-38.498467
3.25E-06	-0.49001675	17.46538775	-37.60771
2.50E-06	-0.4738185	17.0731535	-36.716953
1.75E-06	-0.45762025	16.68091925	-35.826196
1.00E-06	-0.441422	16.288685	-34.935439
5.00E-07	-0.426079	15.8912375	-34.04318075
0	-0.410736	15.49379	-33.1509225
-5.00E-07	-0.395393	15.0963425	-32.25866425
-1.00E-06	-0.38005	14.698895	-31.366406
-1.50E-06	-0.36565675	14.30057275	-30.481355
-2.00E-06	-0.3512635	13.9022505	-29.596304
-2.50E-06	-0.33687025	13.50392825	-28.711253
-3.00E-06	-0.322477	13.105606	-27.826202
-3.25E-06	-0.309123	12.711411	-26.9583545
-3.50E-06	-0.295769	12.317216	-26.090507
-3.75E-06	-0.282415	11.923021	-25.2226595
-4.00E-06	-0.269061	11.528826	-24.354812
-4.25E-06	-0.25682725	11.1443465	-23.51527725
-4.50E-06	-0.2445935	10.759867	-22.6757425
-4.75E-06	-0.23235975	10.3753875	-21.83620775
-5.00E-06	-0.220126	9.990908	-20.996673
-5.00E-06	-0.209077	9.62214625	-20.19730525
-5.00E-06	-0.198028	9.2533845	-19.3979375
-5.00E-06	-0.186979	8.88462275	-18.59856975
-5.00E-06	-0.17593	8.515861	-17.799202
-5.00E-06	-0.1661065	8.1688375	-17.05178025
-5.00E-06	-0.156283	7.821814	-16.3043585
-5.00E-06	-0.1464595	7.4747905	-15.55693675
-5.00E-06	-0.136636	7.127767	-14.809515
-5.00E-06	-0.1280475	6.8077815	-14.12424025
-5.00E-06	-0.119459	6.487796	-13.4389655
-5.00E-06	-0.1108705	6.1678105	-12.75369075
-5.00E-06	-0.102282	5.847825	-12.068416
-5.00E-06	-0.09490125	5.558698	-11.4523875
-5.00E-06	-0.0875205	5.269571	-10.836359
-5.00E-06	-0.08013975	4.980444	-10.2203305
-5.00E-06	-0.072759	4.691317	-9.604302
-5.00E-06	-0.0665275	4.4351325	-9.06102875
-5.00E-06	-0.060296	4.178948	-8.5177555
-5.00E-06	-0.0540645	3.9227635	-7.97448225
-5.00E-06	-0.047833	3.666579	-7.431209
-5.00E-06	-0.042668	3.44390125	-6.961086
-5.00E-06	-0.037503	3.2212235	-6.490963
-5.00E-06	-0.032338	2.99854575	-6.02084
-5.00E-06	-0.027173	2.775868	-5.550717
-4.75E-06	-0.02297625	2.58606925	-5.151719
-4.50E-06	-0.0187795	2.3962705	-4.752721
-4.25E-06	-0.01458275	2.20647175	-4.353723
-4.00E-06	-0.010386	2.016673	-3.954725
-4.00E-06	-0.00704925	1.85821825	-3.62300975
-4.00E-06	-0.0037125	1.6997635	-3.2912945
-4.00E-06	-0.00037575	1.54130875	-2.95957925
-4.00E-06	0.002961	1.382854	-2.627864
-4.00E-06	0.00554925	1.253544	-2.3582825
-4.00E-06	0.0081375	1.124234	-2.088701
-4.00E-06	0.01072575	0.994924	-1.8191195
-4.00E-06	0.013314	0.865614	-1.549538
-3.75E-06	0.01526525	0.76278875	-1.3360625
-3.50E-06	0.0172165	0.6599635	-1.122587
-3.25E-06	0.01916775	0.55713825	-0.9091115
-3.00E-06	0.021119	0.454313	-0.695636
-3.00E-06	0.02254025	0.37502025	-0.5317085
-3.00E-06	0.0239615	0.2957275	-0.367781
-3.00E-06	0.02538275	0.21643475	-0.2038535
-3.00E-06	0.026804	0.137142	-0.039926
-3.00E-06	0.02779675	0.07826825	0.081266
-3.00E-06	0.0287895	0.0193945	0.202458
-3.00E-06	0.02978225	-0.03947925	0.32365
-3.00E-06	0.030775	-0.098353	0.444842