-0.658498	0.356901	0.022146	4e-06
-0.6121725	0.33480275	0.02155075	4e-06
-0.565847	0.3127045	0.0209555	4e-06
-0.5195215	0.29060625	0.02036025	4e-06
-0.473196	0.268508	0.019765	4e-06
-0.40788825	0.23691775	0.01878625	4e-06
-0.3425805	0.2053275	0.0178075	4e-06
-0.27727275	0.17373725	0.01682875	4e-06
-0.211965	0.142147	0.01585	4e-06
-0.124544	0.09945575	0.01441	4e-06
-0.037123	0.0567645	0.01297	4e-06
0.050298	0.01407325	0.01153	4e-06
0.137719	-0.028618	0.01009	4e-06
0.25043875	-0.084058	0.0081075	4e-06
0.3631585	-0.139498	0.006125	4e-06
0.47587825	-0.194938	0.0041425	4e-06
0.588598	-0.250378	0.00216	4e-06
0.72974175	-0.32019725	-0.00045025	3.75e-06
0.8708855	-0.3900165	-0.0030605	3.5e-06
1.01202925	-0.45983575	-0.00567075	3.25e-06
1.153173	-0.529655	-0.008281	3e-06
1.325659	-0.61539475	-0.011604	3e-06
1.498145	-0.7011345	-0.014927	3e-06
1.670631	-0.78687425	-0.01825	3e-06
1.843117	-0.872614	-0.021573	3e-06
2.04947625	-0.97563625	-0.025691	2.75e-06
2.2558355	-1.0786585	-0.029809	2.5e-06
2.46219475	-1.18168075	-0.033927	2.25e-06
2.668554	-1.284703	-0.038045	2e-06
2.9107065	-1.40608	-0.0430325	1.5e-06
3.152859	-1.527457	-0.04802	1e-06
3.3950115	-1.648834	-0.0530075	5e-07
3.637164	-1.770211	-0.057995	0.0
3.9161555	-1.91059325	-0.063914	-5e-07
4.195147	-2.0509755	-0.069833	-1e-06
4.4741385	-2.19135775	-0.075752	-1.5e-06
4.75313	-2.33174	-0.081671	-2e-06
5.0688205	-2.4912	-0.088564	-2.5e-06
5.384511	-2.65066	-0.095457	-3e-06
5.7002015	-2.81012	-0.10235	-3.5e-06
6.015892	-2.96958	-0.109243	-4e-06
6.366709	-3.14748775	-0.117128	-4.75e-06
6.717526	-3.3253955	-0.125013	-5.5e-06
7.068343	-3.50330325	-0.132898	-6.25e-06
7.41916	-3.681211	-0.140783	-7e-06
7.8021835	-3.87627275	-0.149648	-7.75e-06
8.185207	-4.0713345	-0.158513	-8.5e-06
8.5682305	-4.26639625	-0.167378	-9.25e-06
8.951254	-4.461458	-0.176243	-1e-05
9.3626885	-4.67194525	-0.18605225	-1.1e-05
9.774123	-4.8824325	-0.1958615	-1.2e-05
10.1855575	-5.09291975	-0.20567075	-1.3e-05
10.596992	-5.303407	-0.21548	-1.4e-05
11.032677	-5.5274065	-0.226177	-1.525e-05
11.468362	-5.751406	-0.236874	-1.65e-05
11.904047	-5.9754055	-0.247571	-1.775e-05
12.339732	-6.199405	-0.258268	-1.9e-05
12.79545625	-6.43497	-0.2697845	-2.05e-05
13.2511805	-6.670535	-0.281301	-2.2e-05
13.70690475	-6.9061	-0.2928175	-2.35e-05
14.162629	-7.141665	-0.304334	-2.5e-05
14.63430425	-7.3868985	-0.3165945	-2.65e-05
15.1059795	-7.632132	-0.328855	-2.8e-05
15.57765475	-7.8773655	-0.3411155	-2.95e-05
16.04933	-8.122599	-0.353376	-3.1e-05
16.5331045	-8.3757075	-0.366301	-3.25e-05
17.016879	-8.628816	-0.379226	-3.4e-05
17.5006535	-8.8819245	-0.392151	-3.55e-05
17.984428	-9.135033	-0.405076	-3.7e-05
18.4767565	-9.394362	-0.4185875	-3.9e-05
18.969085	-9.653691	-0.432099	-4.1e-05
19.4614135	-9.91302	-0.4456105	-4.3e-05
19.953742	-10.172349	-0.459122	-4.5e-05
20.451425	-10.436399	-0.47314375	-4.675e-05
20.949108	-10.700449	-0.4871655	-4.85e-05
21.446791	-10.964499	-0.50118725	-5.025e-05
21.944474	-11.228549	-0.515209	-5.2e-05
22.44467325	-11.49598625	-0.5296705	-5.4e-05
22.9448725	-11.7634235	-0.544132	-5.6e-05
23.44507175	-12.03086075	-0.5585935	-5.8e-05
23.945271	-12.298298	-0.573055	-6e-05
24.44550625	-12.567952	-0.58789125	-6.2e-05
24.9457415	-12.837606	-0.6027275	-6.4e-05
25.44597675	-13.10726	-0.61756375	-6.6e-05
25.946212	-13.376914	-0.6324	-6.8e-05
26.4443475	-13.647771	-0.647553	-6.975e-05
26.942483	-13.918628	-0.662706	-7.15e-05
27.4406185	-14.189485	-0.677859	-7.325e-05
27.938754	-14.460342	-0.693012	-7.5e-05
28.43297375	-14.731535	-0.70843125	-7.675e-05
28.9271935	-15.002728	-0.7238505	-7.85e-05
29.42141325	-15.273921	-0.73926975	-8.025e-05
29.915633	-15.545114	-0.754689	-8.2e-05
30.40441175	-15.815909	-0.7703315	-8.325e-05
30.8931905	-16.086704	-0.785974	-8.45e-05
31.38196925	-16.357499	-0.8016165	-8.575e-05
31.870748	-16.628294	-0.817259	-8.7e-05
32.352818	-16.898074	-0.8330885	-8.775e-05
32.834888	-17.167854	-0.848918	-8.85e-05
33.316958	-17.437634	-0.8647475	-8.925e-05
33.799028	-17.707414	-0.880577	-9e-05
34.27334575	-17.97566375	-0.8965645	-9.025e-05
34.7476635	-18.2439135	-0.912552	-9.05e-05
35.22198125	-18.51216325	-0.9285395	-9.075e-05
35.696299	-18.780413	-0.944527	-9.1e-05
36.16201	-19.0467025	-0.96065	-9.025e-05
36.627721	-19.312992	-0.976773	-8.95e-05
37.093432	-19.5792815	-0.992896	-8.875e-05
37.559143	-19.845571	-1.009019	-8.8e-05
38.0155505	-20.109541	-1.02526075	-8.6e-05
38.471958	-20.373511	-1.0415025	-8.4e-05
38.9283655	-20.637481	-1.05774425	-8.2e-05
39.384773	-20.901451	-1.073986	-8e-05
39.83130725	-21.162798	-1.09033475	-7.675e-05
40.2778415	-21.424145	-1.1066835	-7.35e-05
40.72437575	-21.685492	-1.12303225	-7.025e-05
41.17091	-21.946839	-1.139381	-6.7e-05
41.60710025	-22.20530175	-1.15582975	-6.2e-05
42.0432905	-22.4637645	-1.1722785	-5.7e-05
42.47948075	-22.72222725	-1.18872725	-5.2e-05
42.915671	-22.98069	-1.205176	-4.7e-05
43.34112125	-23.2360385	-1.2217215	-4e-05
43.7665715	-23.491387	-1.238267	-3.3e-05
44.19202175	-23.7467355	-1.2548125	-2.6e-05
44.617472	-24.002084	-1.271358	-1.9e-05
45.03183925	-24.25410775	-1.288001	-9.75e-06
45.4462065	-24.5061315	-1.304644	-5e-07
45.86057375	-24.75815525	-1.321287	8.75e-06
46.274941	-25.010179	-1.33793	1.8e-05
46.677918	-25.25868	-1.3546735	3e-05
47.080895	-25.507181	-1.371417	4.2e-05
47.483872	-25.755682	-1.3881605	5.4e-05
47.886849	-26.004183	-1.404904	6.6e-05
48.2781485	-26.24896625	-1.42175325	8.075e-05
48.669448	-26.4937495	-1.4386025	9.55e-05
49.0607475	-26.73853275	-1.45545175	0.00011025
49.452047	-26.983316	-1.472301	0.000125
49.83138975	-27.22418525	-1.4892635	0.00014325
50.2107325	-27.4650545	-1.506226	0.0001615
50.59007525	-27.70592375	-1.5231885	0.00017975
50.969418	-27.946793	-1.540151	0.000198
51.33652375	-28.18354425	-1.55723475	0.00021975
51.7036295	-28.4202955	-1.5743185	0.0002415
52.07073525	-28.65704675	-1.59140225	0.00026325
52.437841	-28.893798	-1.608486	0.000285
52.79242175	-29.12621725	-1.62570125	0.00031025
53.1470025	-29.3586365	-1.6429165	0.0003355
53.50158325	-29.59105575	-1.66013175	0.00036075
53.856164	-29.823475	-1.677347	0.000386
54.1979195	-30.05133525	-1.6947035	0.00041525
54.539675	-30.2791955	-1.71206	0.0004445
54.8814305	-30.50705575	-1.7294165	0.00047375
55.223186	-30.734916	-1.746773	0.000503
55.55180125	-30.957975	-1.764282	0.00053625
55.8804165	-31.181034	-1.781791	0.0005695
56.20903175	-31.404093	-1.7993	0.00060275
56.537647	-31.627152	-1.816809	0.000636
56.85279075	-31.84515275	-1.834481	0.0006725
57.1679345	-32.0631535	-1.852153	0.000709
57.48307825	-32.28115425	-1.869825	0.0007455
57.798222	-32.499155	-1.887497	0.000782
58.09954775	-32.711825	-1.90534325	0.000822
58.4008735	-32.924495	-1.9231895	0.000862
58.70219925	-33.137165	-1.94103575	0.000902
59.003525	-33.349835	-1.958882	0.000942
59.290673	-33.55688675	-1.976913	0.00098425
59.577821	-33.7639385	-1.994944	0.0010265
59.864969	-33.97099025	-2.012975	0.00106875
60.152117	-34.178042	-2.031006	0.001111
60.424716	-34.379175	-2.04923275	0.00115525
60.697315	-34.580308	-2.0674595	0.0011995
60.969914	-34.781441	-2.08568625	0.00124375
61.242513	-34.982574	-2.103913	0.001288
61.50018375	-35.1774755	-2.12234525	0.00133225
61.7578545	-35.372377	-2.1407775	0.0013765
62.01552525	-35.5672785	-2.15920975	0.00142075
62.273196	-35.76218	-2.177642	0.001465
62.51555525	-35.950527	-2.19629	0.001508
62.7579145	-36.138874	-2.214938	0.001551
63.00027375	-36.327221	-2.233586	0.001594
63.242633	-36.515568	-2.252234	0.001637
63.46929725	-36.69703025	-2.27110675	0.00167625
63.6959615	-36.8784925	-2.2899795	0.0017155
63.92262575	-37.05995475	-2.30885225	0.00175475
64.14929	-37.241417	-2.327725	0.001794
64.35987975	-37.41565875	-2.3468315	0.001827
64.5704695	-37.5899005	-2.365938	0.00186
64.78105925	-37.76414225	-2.3850445	0.001893
64.991649	-37.938384	-2.404151	0.001926
65.18579375	-38.10506675	-2.42349925	0.0019495
65.3799385	-38.2717495	-2.4428475	0.001973
65.57408325	-38.43843225	-2.46219575	0.0019965
65.768228	-38.605115	-2.481544	0.00202
65.945569	-38.76390075	-2.50114225	0.00203
66.12291	-38.9226865	-2.5207405	0.00204
66.300251	-39.08147225	-2.54033875	0.00205
66.477592	-39.240258	-2.559937	0.00206
66.63778775	-39.39081125	-2.579792	0.00205225
66.7979835	-39.5413645	-2.599647	0.0020445
66.95817925	-39.69191775	-2.619502	0.00203675
67.118375	-39.842471	-2.639357	0.002029
67.261105	-39.98446225	-2.6594755	0.00199775
67.403835	-40.1264535	-2.679594	0.0019665
67.546565	-40.26844475	-2.6997125	0.00193525
67.689295	-40.410436	-2.719831	0.001904
67.81426275	-40.5435445	-2.74021925	0.001844
67.9392305	-40.676653	-2.7606075	0.001784
68.06419825	-40.8097615	-2.78099575	0.001724
68.189166	-40.94287	-2.801384	0.001664
68.29610225	-41.06678575	-2.82204775	0.00156875
68.4030385	-41.1907015	-2.8427115	0.0014735
68.50997475	-41.31461725	-2.86337525	0.00137825
68.616911	-41.438533	-2.884039	0.001283
68.7055775	-41.55296025	-2.90498375	0.0011455
68.794244	-41.6673875	-2.9259285	0.001008
68.8829105	-41.78181475	-2.94687325	0.0008705
68.971577	-41.896242	-2.967818	0.000733
69.0417685	-42.0009015	-2.9890485	0.000546
69.11196	-42.105561	-3.010279	0.000359
69.1821515	-42.2102205	-3.0315095	0.000172
69.252343	-42.31488	-3.05274	-1.5e-05
69.30388875	-42.40951125	-3.07426125	-0.00025925
69.3554345	-42.5041425	-3.0957825	-0.0005035
69.40698025	-42.59877375	-3.11730375	-0.00074775
69.458526	-42.693405	-3.138825	-0.000992
69.4912925	-42.77776775	-3.16064225	-0.0013005
69.524059	-42.8621305	-3.1824595	-0.001609
69.5568255	-42.94649325	-3.20427675	-0.0019175
69.589592	-43.030856	-3.226094	-0.002226
69.60348325	-43.104734	-3.248212	-0.00260575
69.6173745	-43.178612	-3.27033	-0.0029855
69.63126575	-43.25249	-3.292448	-0.00336525
69.645157	-43.326368	-3.314566	-0.003745
69.6401165	-43.3895685	-3.3369905	-0.004203
69.635076	-43.452769	-3.359415	-0.004661
69.6300355	-43.5159695	-3.3818395	-0.005119
69.624995	-43.57917	-3.404264	-0.005577
69.601004	-43.6315265	-3.427001	-0.00611775
69.577013	-43.683883	-3.449738	-0.0066585
69.553022	-43.7362395	-3.472475	-0.00719925
69.529031	-43.788596	-3.495212	-0.00774
69.48611025	-43.82996875	-3.518269	-0.00836675
69.4431895	-43.8713415	-3.541326	-0.0089935
69.40026875	-43.91271425	-3.564383	-0.00962025
69.357348	-43.954087	-3.58744	-0.010247
69.295556	-43.9843645	-3.61082575	-0.01096075
69.233764	-44.014642	-3.6342115	-0.0116745
69.171972	-44.0449195	-3.65759725	-0.01238825
69.11018	-44.075197	-3.680983	-0.013102
69.029613	-44.09429475	-3.704708	-0.0139
68.949046	-44.1133925	-3.728433	-0.014698
68.868479	-44.13249025	-3.752158	-0.015496
68.787912	-44.151588	-3.775883	-0.016294
68.68870075	-44.159451	-3.79996025	-0.0171695
68.5894895	-44.167314	-3.8240375	-0.018045
68.49027825	-44.175177	-3.84811475	-0.0189205
68.391067	-44.18304	-3.872192	-0.019796
68.27337675	-44.17964075	-3.89663775	-0.02073675
68.1556865	-44.1762415	-3.9210835	-0.0216775
68.03799625	-44.17284225	-3.94552925	-0.02261825
67.920306	-44.169443	-3.969975	-0.023559
67.78433375	-44.154781	-3.9948085	-0.02454675
67.6483615	-44.140119	-4.019642	-0.0255345
67.51238925	-44.125457	-4.0444755	-0.02652225
67.376417	-44.110795	-4.069309	-0.02751
67.22238825	-44.084897	-4.0945545	-0.0285185
67.0683595	-44.058999	-4.1198	-0.029527
66.91433075	-44.033101	-4.1450455	-0.0305355
66.760302	-44.007203	-4.170291	-0.031544
66.58846875	-43.97012075	-4.1959775	-0.0325385
66.4166355	-43.9330385	-4.221664	-0.033533
66.24480225	-43.89595625	-4.2473505	-0.0345275
66.072969	-43.858874	-4.273037	-0.035522
65.883606	-43.81068325	-4.29919925	-0.03645775
65.694243	-43.7624925	-4.3253615	-0.0373935
65.50488	-43.71430175	-4.35152375	-0.03832925
65.315517	-43.666111	-4.377686	-0.039265
65.10891925	-43.60690925	-4.40436525	-0.04008575
64.9023215	-43.5477075	-4.4310445	-0.0409065
64.69572375	-43.48850575	-4.45772375	-0.04172725
64.489126	-43.429304	-4.484403	-0.042548
64.26560525	-43.35920925	-4.5116475	-0.043185
64.0420845	-43.2891145	-4.538892	-0.043822
63.81856375	-43.21901975	-4.5661365	-0.044459
63.595043	-43.148925	-4.593381	-0.045096
63.354924	-43.068073	-4.6212475	-0.04546725
63.114805	-42.987221	-4.649114	-0.0458385
62.874686	-42.906369	-4.6769805	-0.04620975
62.634567	-42.825517	-4.704847	-0.046581
62.37818425	-42.73405975	-4.73340025	-0.04659
62.1218015	-42.6426025	-4.7619535	-0.046599
61.86541875	-42.55114525	-4.79050675	-0.046608
61.609036	-42.459688	-4.81906	-0.046617
61.33673125	-42.35779075	-4.848373	-0.046153
61.0644265	-42.2558935	-4.877686	-0.045689
60.79212175	-42.15399625	-4.906999	-0.045225
60.519817	-42.052099	-4.936312	-0.044761
60.23193575	-41.939938	-4.96646725	-0.04369825
59.9440545	-41.827777	-4.9966225	-0.0426355
59.65617325	-41.715616	-5.02677775	-0.04157275
59.368292	-41.603455	-5.056933	-0.04051
59.06518175	-41.48121625	-5.08802125	-0.038709
58.7620715	-41.3589775	-5.1191095	-0.036908
58.45896125	-41.23673875	-5.15019775	-0.035107
58.155851	-41.1145	-5.181286	-0.033306
57.837859	-40.98237675	-5.21340575	-0.03061475
57.519867	-40.8502535	-5.2455255	-0.0279235
57.201875	-40.71813025	-5.27764525	-0.02523225
56.883883	-40.586007	-5.309765	-0.022541
56.5513555	-40.4441975	-5.343022	-0.0187975
56.218828	-40.302388	-5.376279	-0.015054
55.8863005	-40.1605785	-5.409536	-0.0113105
55.553773	-40.018769	-5.442793	-0.007567
55.20705575	-39.86747675	-5.4772975	-0.00260275
54.8603385	-39.7161845	-5.511802	0.0023615
54.51362125	-39.56489225	-5.5463065	0.00732575
54.166904	-39.4136	-5.580811	0.01229
53.80634225	-39.253032	-5.616676	0.018645
53.4457805	-39.092464	-5.652541	0.025
53.08521875	-38.931896	-5.688406	0.031355
52.724657	-38.771328	-5.724271	0.03771
52.35059925	-38.60169475	-5.76160875	0.0456215
51.9765415	-38.4320615	-5.7989465	0.053533
51.60248375	-38.26242825	-5.83628425	0.0614445
51.228426	-38.092795	-5.873622	0.069356
50.84122725	-37.9143115	-5.912539	0.078976
50.4540285	-37.735828	-5.951456	0.088596
50.06682975	-37.5573445	-5.990373	0.098216
49.679631	-37.378861	-6.02929	0.107836
49.2796595	-37.1917485	-6.069883	0.119294
48.879688	-37.004636	-6.110476	0.130752
48.4797165	-36.8175235	-6.151069	0.14221
48.079745	-36.630411	-6.191662	0.153668
47.66738925	-36.4348985	-6.23400925	0.16705725
47.2550335	-36.239386	-6.2763565	0.1804465
46.84267775	-36.0438735	-6.31870375	0.19383575
46.430322	-35.848361	-6.361051	0.207225
46.00600075	-35.64469025	-6.4052065	0.2225885
45.5816795	-35.4410195	-6.449362	0.237952
45.15735825	-35.23734875	-6.4935175	0.2533155
44.733037	-35.033678	-6.537673	0.268679
44.2972125	-34.82210675	-6.5836555	0.28599275
43.861388	-34.6105355	-6.629638	0.3033065
43.4255635	-34.39896425	-6.6756205	0.32062025
42.989739	-34.187393	-6.721603	0.337934
42.542931	-33.9682015	-6.76938575	0.35708675
42.096123	-33.74901	-6.8171685	0.3762395
41.649315	-33.5298185	-6.86495125	0.39539225
41.202507	-33.310627	-6.912734	0.414545
40.7453095	-33.08412525	-6.9622325	0.43531625
40.288112	-32.8576235	-7.011731	0.4560875
39.8309145	-32.63112175	-7.0612295	0.47685875
39.373717	-32.40462	-7.110728	0.49763
38.90681875	-32.1711555	-7.16178625	0.51966575
38.4399205	-31.937691	-7.2128445	0.5417015
37.97302225	-31.7042265	-7.26390275	0.56373725
37.506124	-31.470762	-7.314961	0.585773
37.030329	-31.23072925	-7.36733725	0.60856
36.554534	-30.9906965	-7.4197135	0.631347
36.078739	-30.75066375	-7.47208975	0.654134
35.602944	-30.510631	-7.524466	0.676921
35.1191955	-30.26448225	-7.57781525	0.699758
34.635447	-30.0183335	-7.6311645	0.722595
34.1516985	-29.77218475	-7.68451375	0.745432
33.66795	-29.526036	-7.737863	0.768269
33.17735425	-29.2742915	-7.79172275	0.79023875
32.6867585	-29.022547	-7.8455825	0.8122085
32.19616275	-28.7708025	-7.89944225	0.83417825
31.705567	-28.519058	-7.953302	0.856148
31.20941975	-28.26231825	-8.0070735	0.8760885
30.7132725	-28.0055785	-8.060845	0.896029
30.21712525	-27.74883875	-8.1146165	0.9159695
29.720978	-27.492099	-8.168388	0.93591
29.22078875	-27.23105575	-8.22132125	0.952387
28.7205995	-26.9700125	-8.2742545	0.968864
28.22041025	-26.70896925	-8.32718775	0.985341
27.720221	-26.447926	-8.380121	1.001818
27.21773575	-26.1833735	-8.43129925	1.0131005
26.7152505	-25.918821	-8.4824775	1.024383
26.21276525	-25.6542685	-8.53365575	1.0356655
25.71028	-25.389716	-8.584834	1.046948
25.20750225	-25.1225605	-8.6331605	1.05098875
24.7047245	-24.855405	-8.681487	1.0550295
24.20194675	-24.5882495	-8.7298135	1.05907025
23.699169	-24.321094	-8.77814	1.063111
23.1983745	-24.0523625	-8.82232925	1.05753275
22.69758	-23.783631	-8.8665185	1.0519545
22.1967855	-23.5148995	-8.91070775	1.04637625
21.695991	-23.246168	-8.954897	1.040798
21.19973575	-22.977011	-8.99347	1.02289
20.7034805	-22.707854	-9.032043	1.004982
20.20722525	-22.438697	-9.070616	0.987074
19.71097	-22.16954	-9.109189	0.969166
19.2220885	-21.9012335	-9.14047525	0.9358935
18.733207	-21.632927	-9.1717615	0.902621
18.2443255	-21.3646205	-9.20304775	0.8693485
17.755444	-21.096314	-9.234334	0.836076
17.27703325	-20.83025325	-9.25648125	0.784104
16.7986225	-20.5641925	-9.2786285	0.732132
16.32021175	-20.29813175	-9.30077575	0.68016
15.841801	-20.032071	-9.322923	0.628188
15.37719025	-19.76975825	-9.3339195	0.553927
14.9125795	-19.5074455	-9.344916	0.479666
14.44796875	-19.24513275	-9.3559125	0.405405
13.983358	-18.98282	-9.366909	0.331144
13.53605575	-18.725841	-9.3646165	0.2308175
13.0887535	-18.468862	-9.362324	0.130491
12.64145125	-18.211883	-9.3600315	0.0301645
12.194149	-17.954904	-9.357739	-0.070162
11.767765	-17.7048965	-9.339943	-0.200419
11.341381	-17.454889	-9.322147	-0.330676
10.914997	-17.2048815	-9.304351	-0.460933
10.488613	-16.954874	-9.286555	-0.59119
10.0867505	-16.713478	-9.251032	-0.75520125
9.684888	-16.472082	-9.215509	-0.9192125
9.2830255	-16.230686	-9.179986	-1.08322375
8.881163	-15.98929	-9.144463	-1.247235
8.50727175	-15.758084	-9.0890695	-1.44861425
8.1333805	-15.526878	-9.033676	-1.6499935
7.75948925	-15.295672	-8.9782825	-1.85137275
7.385598	-15.064466	-8.922889	-2.052752
7.04277725	-14.84487725	-8.8456745	-2.29469
6.6999565	-14.6252885	-8.76846	-2.536628
6.35713575	-14.40569975	-8.6912455	-2.778566
6.014315	-14.186111	-8.614031	-3.020504
5.705039	-13.97928975	-8.51337825	-3.30551075
5.395763	-13.7724685	-8.4127255	-3.5905175
5.086487	-13.56564725	-8.31207275	-3.87552425
4.777211	-13.358826	-8.21142	-4.160531
4.502993	-13.1654905	-8.0862115	-4.49012425
4.228775	-12.972155	-7.961003	-4.8197175
3.954557	-12.7788195	-7.8357945	-5.14931075
3.680339	-12.585484	-7.710586	-5.478904
3.44150525	-12.40582175	-7.56040575	-5.85324425
3.2026715	-12.2261595	-7.4102255	-6.2275845
2.96383775	-12.04649725	-7.26004525	-6.60192475
2.725004	-11.866835	-7.109865	-6.976265
2.520746	-11.7005505	-6.935224	-7.3937345
2.316488	-11.534266	-6.760583	-7.811204
2.11223	-11.3679815	-6.585942	-8.2286735
1.907972	-11.201697	-6.411301	-8.646143