2.166302	-10.484322	-5.827335	-7.997667
1.99270975	-10.33755375	-5.6425445	-8.420518
1.8191175	-10.1907855	-5.457754	-8.843369
1.64552525	-10.04401725	-5.2729635	-9.26622
1.471933	-9.897249	-5.088173	-9.689071
1.32745	-9.761939	-4.88457175	-10.1433255
1.182967	-9.626629	-4.6809705	-10.59758
1.038484	-9.491319	-4.47736925	-11.0518345
0.894001	-9.356009	-4.273768	-11.506089
0.776335	-9.231426	-4.05421625	-11.9856905
0.658669	-9.106843	-3.8346645	-12.465292
0.541003	-8.98226	-3.61511275	-12.9448935
0.423337	-8.857677	-3.395561	-13.424495
0.329894	-8.74300775	-3.16302575	-13.9232265
0.236451	-8.6283385	-2.9304905	-14.421958
0.143008	-8.51366925	-2.69795525	-14.9206895
0.049565	-8.399	-2.46542	-15.419421
-0.0224	-8.2933895	-2.2227575	-15.931341
-0.094365	-8.187779	-1.980095	-16.443261
-0.16633	-8.0821685	-1.7374325	-16.955181
-0.238295	-7.976558	-1.49477	-17.467101
-0.2915565	-7.879143	-1.24462075	-17.98675125
-0.344818	-7.781728	-0.9944715	-18.5064015
-0.3980795	-7.684313	-0.74432225	-19.02605175
-0.451341	-7.586898	-0.494173	-19.545702
-0.4886095	-7.49683225	-0.238904	-20.06821975
-0.525878	-7.4067665	0.016365	-20.5907375
-0.5631465	-7.31670075	0.271634	-21.11325525
-0.600415	-7.226635	0.526903	-21.635773
-0.62426675	-7.143109	0.785224	-22.1569385
-0.6481185	-7.059583	1.043545	-22.678104
-0.67197025	-6.976057	1.301866	-23.1992695
-0.695822	-6.892531	1.560187	-23.720435
-0.70865025	-6.8147855	1.8197975	-24.23667925
-0.7214785	-6.73704	2.079408	-24.7529235
-0.73430675	-6.6592945	2.3390185	-25.26916775
-0.747135	-6.581549	2.598629	-25.785412
-0.751118	-6.508884	2.85806225	-26.29379275
-0.755101	-6.436219	3.1174955	-26.8021735
-0.759084	-6.363554	3.37692875	-27.31055425
-0.763067	-6.290889	3.636362	-27.818935
-0.76014975	-6.222669	3.894429	-28.31709475
-0.7572325	-6.154449	4.152496	-28.8152545
-0.75431525	-6.086229	4.410563	-29.31341425
-0.751398	-6.018009	4.66863	-29.811574
-0.7432865	-5.95366475	4.92439425	-30.2976865
-0.735175	-5.8893205	5.1801585	-30.783799
-0.7270635	-5.82497625	5.43592275	-31.2699115
-0.718952	-5.760632	5.691687	-31.756024
-0.7071155	-5.69966075	5.944437	-32.228732
-0.695279	-5.6386895	6.197187	-32.70144
-0.6834425	-5.57771825	6.449937	-33.174148
-0.671606	-5.516747	6.702687	-33.646856
-0.65728625	-5.45871	6.95190525	-34.10520875
-0.6429665	-5.400673	7.2011235	-34.5635615
-0.62864675	-5.342636	7.45034175	-35.02191425
-0.614327	-5.284599	7.69956	-35.480267
-0.5985535	-5.22911725	7.94489425	-35.92365625
-0.58278	-5.1736355	8.1902285	-36.3670455
-0.5670065	-5.11815375	8.43556275	-36.81043475
-0.551233	-5.062672	8.680897	-37.253824
-0.5348395	-5.00942225	8.92213225	-37.68192475
-0.518446	-4.9561725	9.1633675	-38.1100255
-0.5020525	-4.90292275	9.40460275	-38.53812625
-0.485659	-4.849673	9.645838	-38.966227
-0.4693035	-4.79838225	9.8828675	-39.37894025
-0.452948	-4.7470915	10.119897	-39.7916535
-0.4365925	-4.69580075	10.3569265	-40.20436675
-0.420237	-4.64451	10.593956	-40.61708
-0.404423	-4.59495075	10.82675925	-41.01448275
-0.388609	-4.5453915	11.0595625	-41.4118855
-0.372795	-4.49583225	11.29236575	-41.80928825
-0.356981	-4.446273	11.525169	-42.206691
-0.3420765	-4.39825625	11.7537885	-42.58899025
-0.327172	-4.3502395	11.982408	-42.9712895
-0.3122675	-4.30222275	12.2110275	-43.35358875
-0.297363	-4.254206	12.439647	-43.735888
-0.28362275	-4.20757725	12.66416925	-44.10338175
-0.2698825	-4.1609485	12.8886915	-44.4708755
-0.25614225	-4.11431975	13.11321375	-44.83836925
-0.242402	-4.067691	13.337736	-45.205863
-0.2299835	-4.02232475	13.55827575	-45.55890775
-0.217565	-3.9769585	13.7788155	-45.9119525
-0.2051465	-3.93159225	13.99935525	-46.26499725
-0.192728	-3.886226	14.219895	-46.618042
-0.181712	-3.8420205	14.43658125	-46.9570235
-0.170696	-3.797815	14.6532675	-47.296005
-0.15968	-3.7536095	14.86995375	-47.6349865
-0.148664	-3.709404	15.08664	-47.973968
-0.1390675	-3.66627675	15.29960475	-48.29927975
-0.129471	-3.6231495	15.5125695	-48.6245915
-0.1198745	-3.58002225	15.72553425	-48.94990325
-0.110278	-3.536895	15.938499	-49.275215
-0.1020705	-3.4947805	16.147868	-49.587241
-0.093863	-3.452666	16.357237	-49.899267
-0.0856555	-3.4105515	16.566606	-50.211293
-0.077448	-3.368437	16.775975	-50.523319
-0.0705625	-3.32728125	16.98186125	-50.822419
-0.063677	-3.2861255	17.1877475	-51.121519
-0.0567915	-3.24496975	17.39363375	-51.420619
-0.049906	-3.203814	17.59952	-51.719719
-0.04425	-3.16357225	17.80201875	-52.0062205
-0.038594	-3.1233305	18.0045175	-52.292722
-0.032938	-3.08308875	18.20701625	-52.5792235
-0.027282	-3.042847	18.409515	-52.865725
-0.02274625	-3.003482	18.60869975	-53.1399155
-0.0182105	-2.964117	18.8078845	-53.414106
-0.01367475	-2.924752	19.00706925	-53.6882965
-0.009139	-2.885387	19.206254	-53.962487
-0.005605	-2.84686625	19.40217425	-54.2246115
-0.002071	-2.8083455	19.5980945	-54.486736
0.001463	-2.76982475	19.79401475	-54.7488605
0.004997	-2.731304	19.989935	-55.010985
0.0076515	-2.6935975	20.18261575	-55.261244
0.010306	-2.655891	20.3752965	-55.511503
0.0129605	-2.6181845	20.56797725	-55.761762
0.015615	-2.580478	20.760658	-56.012021
0.01751125	-2.54355825	20.95009875	-56.25057125
0.0194075	-2.5066385	21.1395395	-56.4891215
0.02130375	-2.46971875	21.32898025	-56.72767175
0.0232	-2.432799	21.518421	-56.966222
0.02445425	-2.3966385	21.7045965	-57.193178
0.0257085	-2.360478	21.890772	-57.420134
0.02696275	-2.3243175	22.0769475	-57.64709
0.028217	-2.288157	22.263123	-57.874046
0.0289395	-2.2527285	22.44598475	-58.0894825
0.029662	-2.2173	22.6288465	-58.304919
0.0303845	-2.1818715	22.81170825	-58.5203555
0.031107	-2.146443	22.99457	-58.735792
0.0313985	-2.11171875	23.1740465	-58.939749
0.03169	-2.0769945	23.353523	-59.143706
0.0319815	-2.04227025	23.5329995	-59.347663
0.032273	-2.007546	23.712476	-59.55162
0.03222475	-1.973497	23.88847575	-59.744105
0.0321765	-1.939448	24.0644755	-59.93659
0.03212825	-1.905399	24.24047525	-60.129075
0.03208	-1.87135	24.416475	-60.32156
0.031773	-1.8379455	24.58888775	-60.5025545
0.031466	-1.804541	24.7613005	-60.683549
0.031159	-1.7711365	24.93371325	-60.8645435
0.030852	-1.737732	25.106126	-61.045538
0.030358	-1.704941	25.274825	-61.2149995
0.029864	-1.67215	25.443524	-61.384461
0.02937	-1.639359	25.612223	-61.5539225
0.028876	-1.606568	25.780922	-61.723384
0.028256	-1.57435725	25.945766	-61.881253
0.027636	-1.5421465	26.11061	-62.039122
0.027016	-1.50993575	26.275454	-62.196991
0.026396	-1.477725	26.440298	-62.35486
0.0257025	-1.44606025	26.60113325	-62.501062
0.025009	-1.4143955	26.7619685	-62.647264
0.0243155	-1.38273075	26.92280375	-62.793466
0.023622	-1.351066	27.083639	-62.939668
0.0228985	-1.3199125	27.24030125	-63.07411975
0.022175	-1.288759	27.3969635	-63.2085715
0.0214515	-1.2576055	27.55362575	-63.34302325
0.020728	-1.226452	27.710288	-63.477475
0.0200115	-1.195773	27.8626055	-63.60008625
0.019295	-1.165094	28.014923	-63.7226975
0.0185785	-1.134415	28.1672405	-63.84530875
0.017862	-1.103736	28.319558	-63.96792
0.01718175	-1.07349475	28.4673515	-64.07859875
0.0165015	-1.0432535	28.615145	-64.1892775
0.01582125	-1.01301225	28.7629385	-64.29995625
0.015141	-0.982771	28.910732	-64.410635
0.01452125	-0.95293	29.05381825	-64.50928925
0.0139015	-0.923089	29.1969045	-64.6079435
0.01328175	-0.893248	29.33999075	-64.70659775
0.012662	-0.863407	29.483077	-64.805252
0.01212175	-0.833928	29.62126975	-64.8917935
0.0115815	-0.804449	29.7594625	-64.978335
0.01104125	-0.77497	29.89765525	-65.0648765
0.010501	-0.745491	30.035848	-65.151418
0.0100555	-0.7163355	30.1689595	-65.2257645
0.00961	-0.68718	30.302071	-65.300111
0.0091645	-0.6580245	30.4351825	-65.3744575
0.008719	-0.628869	30.568294	-65.448804
0.00837975	-0.59999825	30.696137	-65.51088125
0.0080405	-0.5711275	30.82398	-65.5729585
0.00770125	-0.54225675	30.951823	-65.63503575
0.007362	-0.513386	31.079666	-65.697113
0.00713775	-0.4847615	31.2020545	-65.74685575
0.0069135	-0.456137	31.324443	-65.7965985
0.00668925	-0.4275125	31.4468315	-65.84634125
0.006465	-0.398888	31.56922	-65.896084
0.00636225	-0.37047	31.68597075	-65.9334395
0.0062595	-0.342052	31.8027215	-65.970795
0.00615675	-0.313634	31.91947225	-66.0081505
0.006054	-0.285216	32.036223	-66.045506
0.006077	-0.25696525	32.14715725	-66.070433
0.0061	-0.2287145	32.2580915	-66.09536
0.006123	-0.20046375	32.36902575	-66.120287
0.006146	-0.172213	32.47996	-66.145214
0.006297	-0.1440895	32.58490375	-66.1576845
0.006448	-0.115966	32.6898475	-66.170155
0.006599	-0.0878425	32.79479125	-66.1826255
0.00675	-0.059719	32.899735	-66.195096
0.007029	-0.031682	32.99852	-66.195096
0.007308	-0.003645	33.097305	-66.195096
0.007587	0.024392	33.19609	-66.195096
0.007866	0.052429	33.294875	-66.195096
0.008271	0.0804215	33.38734	-66.1826255
0.008676	0.108414	33.479805	-66.170155
0.009081	0.1364065	33.57227	-66.1576845
0.009486	0.164399	33.664735	-66.145214
0.01001225	0.19238975	33.75072625	-66.120287
0.0105385	0.2203805	33.8367175	-66.09536
0.01106475	0.24837125	33.92270875	-66.070433
0.011591	0.276362	34.0087	-66.045506
0.01223075	0.304396	34.0880715	-66.0081505
0.0128705	0.33243	34.167443	-65.970795
0.01351025	0.360464	34.2468145	-65.9334395
0.01415	0.388498	34.326186	-65.896084
0.014892	0.41662325	34.3988005	-65.84634125
0.015634	0.4447485	34.471415	-65.7965985
0.016376	0.47287375	34.5440295	-65.74685575
0.017118	0.500999	34.616644	-65.697113
0.01794575	0.52926525	34.6823725	-65.63503575
0.0187735	0.5575315	34.748101	-65.5729585
0.01960125	0.58579775	34.8138295	-65.51088125
0.020429	0.614064	34.879558	-65.448804
0.021321	0.642526	34.93828025	-65.3744575
0.022213	0.670988	34.9970025	-65.300111
0.023105	0.69945	35.05572475	-65.2257645
0.023997	0.727912	35.114447	-65.151418
0.024925	0.7566285	35.16605125	-65.0648765
0.025853	0.785345	35.2176555	-64.978335
0.026781	0.8140615	35.26925975	-64.8917935
0.027709	0.842778	35.320864	-64.805252
0.028637	0.87181275	35.36524675	-64.70659775
0.029565	0.9008475	35.4096295	-64.6079435
0.030493	0.92988225	35.45401225	-64.50928925
0.031421	0.958917	35.498395	-64.410635
0.0323045	0.988341	35.53546025	-64.29995625
0.033188	1.017765	35.5725255	-64.1892775
0.0340715	1.047189	35.60959075	-64.07859875
0.034955	1.076613	35.646656	-63.96792
0.035739	1.10650375	35.67631475	-63.84530875
0.036523	1.1363945	35.7059735	-63.7226975
0.037307	1.16628525	35.73563225	-63.60008625
0.038091	1.196176	35.765291	-63.477475
0.03871	1.226619	35.78745975	-63.34302325
0.039329	1.257062	35.8096285	-63.2085715
0.039948	1.287505	35.83179725	-63.07411975
0.040567	1.317948	35.853966	-62.939668
0.04094275	1.3490375	35.86856625	-62.793466
0.0413185	1.380127	35.8831665	-62.647264
0.04169425	1.4112165	35.89776675	-62.501062
0.04207	1.442306	35.912367	-62.35486
0.04211175	1.4741465	35.91932275	-62.196991
0.0421535	1.505987	35.9262785	-62.039122
0.04219525	1.5378275	35.93323425	-61.881253
0.042237	1.569668	35.94019	-61.723384
0.04184125	1.60237325	35.93942625	-61.5539225
0.0414455	1.6350785	35.9386625	-61.384461
0.04104975	1.66778375	35.93789875	-61.2149995
0.040654	1.700489	35.937135	-61.045538
0.039703	1.7341835	35.928577	-60.8645435
0.038752	1.767878	35.920019	-60.683549
0.037801	1.8015725	35.911461	-60.5025545
0.03685	1.835267	35.902903	-60.32156
0.0352145	1.8700855	35.88647175	-60.129075
0.033579	1.904904	35.8700405	-59.93659
0.0319435	1.9397225	35.85360925	-59.744105
0.030308	1.974541	35.837178	-59.55162
0.0278465	2.01062825	35.8127895	-59.347663
0.025385	2.0467155	35.788401	-59.143706
0.0229235	2.08280275	35.7640125	-58.939749
0.020462	2.11889	35.739624	-58.735792
0.0170245	2.1563995	35.707187	-58.5203555
0.013587	2.193909	35.67475	-58.304919
0.0101495	2.2314185	35.642313	-58.0894825
0.006712	2.268928	35.609876	-57.874046
0.0021425	2.30802075	35.5692875	-57.64709
-0.002427	2.3471135	35.528699	-57.420134
-0.0069965	2.38620625	35.4881105	-57.193178
-0.011566	2.425299	35.447522	-56.966222
-0.0174255	2.4661405	35.39866675	-56.727672
-0.023285	2.506982	35.3498115	-56.489122
-0.0291445	2.5478235	35.30095625	-56.250572
-0.035004	2.588665	35.252101	-56.012022
-0.0423065	2.631423	35.19484825	-55.76176275
-0.049609	2.674181	35.1375955	-55.5115035
-0.0569115	2.716939	35.08034275	-55.26124425
-0.064214	2.759697	35.02309	-55.010985
-0.07310025	2.804536	34.95729075	-54.7488605
-0.0819865	2.849375	34.8914915	-54.486736
-0.09087275	2.894214	34.82569225	-54.2246115
-0.099759	2.939053	34.759893	-53.962487
-0.1103485	2.98613	34.68537925	-53.6882965
-0.120938	3.033207	34.6108655	-53.414106
-0.1315275	3.080284	34.53635175	-53.1399155
-0.142117	3.127361	34.461838	-52.865725
-0.15449625	3.1768175	34.37842075	-52.5792235
-0.1668755	3.226274	34.2950035	-52.292722
-0.17925475	3.2757305	34.21158625	-52.0062205
-0.191634	3.325187	34.128169	-51.719719
-0.20584325	3.37714175	34.035639	-51.420619
-0.2200525	3.4290965	33.943109	-51.121519
-0.23426175	3.48105125	33.850579	-50.822419
-0.248471	3.533006	33.758049	-50.523319
-0.2644875	3.5875445	33.6561755	-50.211293
-0.280504	3.642083	33.554302	-49.899267
-0.2965205	3.6966215	33.4524285	-49.587241
-0.312537	3.75116	33.350555	-49.275215
-0.330258	3.80832375	33.2390895	-48.949903
-0.347979	3.8654875	33.127624	-48.624591
-0.3657	3.92265125	33.0161585	-48.299279
-0.383421	3.979815	32.904693	-47.973967
-0.40264275	4.0395885	32.783372	-47.6349855
-0.4218645	4.099362	32.662051	-47.296004
-0.44108625	4.1591355	32.54073	-46.9570225
-0.460308	4.218909	32.419409	-46.618041
-0.48070325	4.28120525	32.287959	-46.2649965
-0.5010985	4.3435015	32.156509	-45.911952
-0.52149375	4.40579775	32.025059	-45.5589075
-0.541889	4.468094	31.893609	-45.205863
-0.56298275	4.5327385	31.7517545	-44.838369
-0.5840765	4.597383	31.6099	-44.470875
-0.60517025	4.6620275	31.4680455	-44.103381
-0.626264	4.726672	31.326191	-43.735887
-0.647408	4.7933855	31.173664	-43.35358775
-0.668552	4.860099	31.021137	-42.9712885
-0.689696	4.9268125	30.86861	-42.58898925
-0.71084	4.993526	30.716083	-42.20669
-0.7311855	5.06190725	30.5526355	-41.80928725
-0.751531	5.1302885	30.389188	-41.4118845
-0.7718765	5.19866975	30.2257405	-41.01448175
-0.792222	5.267051	30.062293	-40.617079
-0.81069425	5.33655775	29.88771325	-40.20436575
-0.8291665	5.4060645	29.7131335	-39.7916525
-0.84763875	5.47557125	29.53855375	-39.37893925
-0.866111	5.545078	29.363974	-38.966226
-0.88138325	5.6150085	29.1781045	-38.53812525
-0.8966555	5.684939	28.992235	-38.1100245
-0.91192775	5.7548695	28.8063655	-37.68192375
-0.9272	5.8248	28.620496	-37.253823
-0.93767075	5.89427675	28.423256	-36.8104335
-0.9481415	5.9637535	28.226016	-36.367044
-0.95861225	6.03323025	28.028776	-35.9236545
-0.969083	6.102707	27.831536	-35.480265
-0.97285825	6.1706615	27.62294625	-35.02191225
-0.9766335	6.238616	27.4143565	-34.5635595
-0.98040875	6.3065705	27.20576675	-34.10520675
-0.984184	6.374525	26.997177	-33.646854
-0.979064	6.439685	26.777389	-33.174146
-0.973944	6.504845	26.557601	-32.701438
-0.968824	6.570005	26.337813	-32.22873
-0.963704	6.635165	26.118025	-31.756022
-0.9471805	6.69604825	25.88735075	-31.2699095
-0.930657	6.7569315	25.6566765	-30.783797
-0.9141335	6.81781475	25.42600225	-30.2976845
-0.89761	6.878698	25.195328	-29.811572
-0.8668745	6.9336125	24.9542745	-29.313412
-0.836139	6.988527	24.713221	-28.815252
-0.8054035	7.0434415	24.4721675	-28.317092
-0.774668	7.098356	24.231114	-27.818932
-0.72663425	7.14540625	23.980417	-27.31055125
-0.6786005	7.1924565	23.72972	-26.8021705
-0.63056675	7.23950675	23.479023	-26.29378975
-0.582533	7.286557	23.228326	-25.785409
-0.5138785	7.323665	22.968984	-25.26916475
-0.445224	7.360773	22.709642	-24.7529205
-0.3765695	7.397881	22.4503	-24.23667625
-0.307915	7.434989	22.190958	-23.720432
-0.21514425	7.45992475	21.92426425	-23.19926625
-0.1223735	7.4848605	21.6575705	-22.6781005
-0.02960275	7.50979625	21.39087675	-22.15693475
0.063168	7.534732	21.124183	-21.635769
0.18363325	7.54516375	20.85175275	-21.1132515
0.3040985	7.5555955	20.5793225	-20.590734
0.42456375	7.56602725	20.30689225	-20.0682165
0.545029	7.576459	20.034462	-19.545699
0.696729	7.57002025	19.758252	-19.02604875
0.848429	7.5635815	19.482042	-18.5063985
1.000129	7.55714275	19.205832	-17.98674825
1.151829	7.550704	18.929622	-17.467098
1.33811075	7.525083	18.65193525	-16.955178
1.5243925	7.499462	18.3742485	-16.443258
1.71067425	7.473841	18.09656175	-15.931338
1.896956	7.44822	17.818875	-15.419418
2.1207755	7.40127625	17.54234775	-14.92068675
2.344595	7.3543325	17.2658205	-14.4219555
2.5684145	7.30738875	16.98929325	-13.92322425
2.792234	7.260445	16.712766	-13.424493
3.05591825	7.1903525	16.44032525	-12.9448915
3.3196025	7.12026	16.1678845	-12.46529
3.58328675	7.0501675	15.89544375	-11.9856885
3.846971	6.980075	15.623003	-11.506087
4.1519295	6.8854975	15.357775	-11.051833
4.456888	6.79092	15.092547	-10.597579
4.7618465	6.6963425	14.827319	-10.143325
5.066805	6.601765	14.562091	-9.689071
5.413193	6.4820645	14.3071995	-9.26622025
5.759581	6.362364	14.052308	-8.8433695
6.105969	6.2426635	13.7974165	-8.42051875
6.452357	6.122963	13.542525	-7.997668
6.838684	5.978437	13.30072425	-7.61134125
7.225011	5.833911	13.0589235	-7.2250145
7.611338	5.689385	12.81712275	-6.83868775
7.997665	5.544859	12.575322	-6.452361