-0.610362	0.329763	0.021198	3e-06
-0.5664675	0.30878275	0.0206255	3.25e-06
-0.522573	0.2878025	0.020053	3.5e-06
-0.4786785	0.26682225	0.0194805	3.75e-06
-0.434784	0.245842	0.018908	4e-06
-0.37304225	0.215943	0.01796775	4e-06
-0.3113005	0.186044	0.0170275	4e-06
-0.24955875	0.156145	0.01608725	4e-06
-0.187817	0.126246	0.015147	4e-06
-0.10529725	0.085925	0.01376475	4e-06
-0.0227775	0.045604	0.0123825	4e-06
0.05974225	0.005283	0.01100025	4e-06
0.142262	-0.035038	0.009618	4e-06
0.24853675	-0.0873185	0.00771525	3.75e-06
0.3548115	-0.139599	0.0058125	3.5e-06
0.46108625	-0.1918795	0.00390975	3.25e-06
0.567361	-0.24416	0.002007	3e-06
0.70030725	-0.30991775	-0.0004975	3e-06
0.8332535	-0.3756755	-0.003002	3e-06
0.96619975	-0.44143325	-0.0055065	3e-06
1.099146	-0.507191	-0.008011	3e-06
1.26148275	-0.58785825	-0.0111985	2.75e-06
1.4238195	-0.6685255	-0.014386	2.5e-06
1.58615625	-0.74919275	-0.0175735	2.25e-06
1.748493	-0.82986	-0.020761	2e-06
1.94256825	-0.9266965	-0.0247105	1.75e-06
2.1366435	-1.023533	-0.02866	1.5e-06
2.33071875	-1.1203695	-0.0326095	1.25e-06
2.524794	-1.217206	-0.036559	1e-06
2.752378	-1.33119675	-0.0413415	7.5e-07
2.979962	-1.4451875	-0.046124	5e-07
3.207546	-1.55917825	-0.0509065	2.5e-07
3.43513	-1.673169	-0.055689	0.0
3.69716525	-1.8048995	-0.061364	-5e-07
3.9592005	-1.93663	-0.067039	-1e-06
4.22123575	-2.0683605	-0.072714	-1.5e-06
4.483271	-2.200091	-0.078389	-2e-06
4.7795805	-2.3496005	-0.0849975	-2.5e-06
5.07589	-2.49911	-0.091606	-3e-06
5.3721995	-2.6486195	-0.0982145	-3.5e-06
5.668509	-2.798129	-0.104823	-4e-06
5.9975655	-2.964794	-0.11238075	-4.5e-06
6.326622	-3.131459	-0.1199385	-5e-06
6.6556785	-3.298124	-0.12749625	-5.5e-06
6.984735	-3.464789	-0.135054	-6e-06
7.34374525	-3.647363	-0.14355075	-7e-06
7.7027555	-3.829937	-0.1520475	-8e-06
8.06176575	-4.012511	-0.16054425	-9e-06
8.420776	-4.195085	-0.169041	-1e-05
8.806131	-4.391916	-0.178441	-1.075e-05
9.191486	-4.588747	-0.187841	-1.15e-05
9.576841	-4.785578	-0.197241	-1.225e-05
9.962196	-4.982409	-0.206641	-1.3e-05
10.3699555	-5.19167775	-0.21689025	-1.425e-05
10.777715	-5.4009465	-0.2271395	-1.55e-05
11.1854745	-5.61021525	-0.23738875	-1.675e-05
11.593234	-5.819484	-0.247638	-1.8e-05
12.01942325	-6.03934625	-0.258671	-1.925e-05
12.4456125	-6.2592085	-0.269704	-2.05e-05
12.87180175	-6.47907075	-0.280737	-2.175e-05
13.297991	-6.698933	-0.29177	-2.3e-05
13.73876325	-6.92759775	-0.3035135	-2.425e-05
14.1795355	-7.1562625	-0.315257	-2.55e-05
14.62030775	-7.38492725	-0.3270005	-2.675e-05
15.06108	-7.613592	-0.338744	-2.8e-05
15.512821	-7.84937075	-0.35112175	-2.975e-05
15.964562	-8.0851495	-0.3634995	-3.15e-05
16.416303	-8.32092825	-0.37587725	-3.325e-05
16.868044	-8.556707	-0.388255	-3.5e-05
17.3274365	-8.79804575	-0.4011915	-3.65e-05
17.786829	-9.0393845	-0.414128	-3.8e-05
18.2462215	-9.28072325	-0.4270645	-3.95e-05
18.705614	-9.522062	-0.440001	-4.1e-05
19.16967275	-9.76755775	-0.45342325	-4.275e-05
19.6337315	-10.0130535	-0.4668455	-4.45e-05
20.09779025	-10.25854925	-0.48026775	-4.625e-05
20.561849	-10.504045	-0.49369	-4.8e-05
21.02793275	-10.752451	-0.507529	-5e-05
21.4940165	-11.000857	-0.521368	-5.2e-05
21.96010025	-11.249263	-0.535207	-5.4e-05
22.426184	-11.497669	-0.549046	-5.6e-05
22.891993	-11.74789475	-0.56323975	-5.775e-05
23.357802	-11.9981205	-0.5774335	-5.95e-05
23.823611	-12.24834625	-0.59162725	-6.125e-05
24.28942	-12.498572	-0.605821	-6.3e-05
24.75297925	-12.74967625	-0.6203135	-6.475e-05
25.2165385	-13.0007805	-0.634806	-6.65e-05
25.68009775	-13.25188475	-0.6492985	-6.825e-05
26.143657	-13.502989	-0.663791	-7e-05
26.6032945	-13.754168	-0.67853275	-7.15e-05
27.062932	-14.005347	-0.6932745	-7.3e-05
27.5225695	-14.256526	-0.70801625	-7.45e-05
27.982207	-14.507705	-0.722758	-7.6e-05
28.43652375	-14.75828075	-0.7377075	-7.7e-05
28.8908405	-15.0088565	-0.752657	-7.8e-05
29.34515725	-15.25943225	-0.7676065	-7.9e-05
29.799474	-15.510008	-0.782556	-8e-05
30.24731325	-15.75941225	-0.79767825	-8.075e-05
30.6951525	-16.0088165	-0.8128005	-8.15e-05
31.14299175	-16.25822075	-0.82792275	-8.225e-05
31.590831	-16.507625	-0.843045	-8.3e-05
32.0312455	-16.75538475	-0.85831125	-8.325e-05
32.47166	-17.0031445	-0.8735775	-8.35e-05
32.9120745	-17.25090425	-0.88884375	-8.375e-05
33.352489	-17.498664	-0.90411	-8.4e-05
33.7847085	-17.7443865	-0.9194985	-8.325e-05
34.216928	-17.990109	-0.934887	-8.25e-05
34.6491475	-18.2358315	-0.9502755	-8.175e-05
35.081367	-18.481554	-0.965664	-8.1e-05
35.50476825	-18.724912	-0.98115775	-7.925e-05
35.9281695	-18.96827	-0.9966515	-7.75e-05
36.35157075	-19.211628	-1.01214525	-7.575e-05
36.774972	-19.454986	-1.027639	-7.4e-05
37.1890495	-19.6957045	-1.04322625	-7.1e-05
37.603127	-19.936423	-1.0588135	-6.8e-05
38.0172045	-20.1771415	-1.07440075	-6.5e-05
38.431282	-20.41786	-1.089988	-6.2e-05
38.8356215	-20.655703	-1.10566175	-5.75e-05
39.239961	-20.893546	-1.1213355	-5.3e-05
39.6443005	-21.131389	-1.13700925	-4.85e-05
40.04864	-21.369232	-1.152683	-4.4e-05
40.44289675	-21.60399325	-1.1684395	-3.75e-05
40.8371535	-21.8387545	-1.184196	-3.1e-05
41.23141025	-22.07351575	-1.1999525	-2.45e-05
41.625667	-22.308277	-1.215709	-1.8e-05
42.009545	-22.5397685	-1.23154825	-9.5e-06
42.393423	-22.77126	-1.2473875	-1e-06
42.777301	-23.0027515	-1.26322675	7.5e-06
43.161179	-23.234243	-1.279066	1.6e-05
43.53441375	-23.462288	-1.29499025	2.725e-05
43.9076485	-23.690333	-1.3109145	3.85e-05
44.28088325	-23.918378	-1.32683875	4.975e-05
44.654118	-24.146423	-1.342763	6.1e-05
45.01646325	-24.3708485	-1.35877675	7.475e-05
45.3788085	-24.595274	-1.3747905	8.85e-05
45.74115375	-24.8196995	-1.39080425	0.00010225
46.103499	-25.044125	-1.406818	0.000116
46.454715	-25.26475725	-1.4229275	0.00013275
46.805931	-25.4853895	-1.439037	0.0001495
47.157147	-25.70602175	-1.4551465	0.00016625
47.508363	-25.926654	-1.471256	0.000183
47.8482085	-26.14331275	-1.48746925	0.000203
48.188054	-26.3599715	-1.5036825	0.000223
48.5278995	-26.57663025	-1.51989575	0.000243
48.867745	-26.793289	-1.536109	0.000263
49.1959705	-27.00578525	-1.552434	0.0002865
49.524196	-27.2182815	-1.568759	0.00031
49.8524215	-27.43077775	-1.585084	0.0003335
50.180647	-27.643274	-1.601409	0.000357
50.496991	-27.8514075	-1.6178555	0.00038425
50.813335	-28.059541	-1.634302	0.0004115
51.129679	-28.2676745	-1.6507485	0.00043875
51.446023	-28.475808	-1.667195	0.000466
51.750209	-28.67936625	-1.68377225	0.0004965
52.054395	-28.8829245	-1.7003495	0.000527
52.358581	-29.08648275	-1.71692675	0.0005575
52.662767	-29.290041	-1.733504	0.000588
52.95450375	-29.488798	-1.750222	0.000622
53.2462405	-29.687555	-1.76694	0.000656
53.53797725	-29.886312	-1.783658	0.00069
53.829714	-30.085069	-1.800376	0.000724
54.10869475	-30.278786	-1.8172445	0.00076075
54.3876755	-30.472503	-1.834113	0.0007975
54.66665625	-30.66622	-1.8509815	0.00083425
54.945637	-30.859937	-1.86785	0.000871
55.211542	-31.04836275	-1.884879	0.00091025
55.477447	-31.2367885	-1.901908	0.0009495
55.743352	-31.42521425	-1.918937	0.00098875
56.009257	-31.61364	-1.935966	0.001028
56.26175525	-31.79651225	-1.95316475	0.00106875
56.5142535	-31.9793845	-1.9703635	0.0011095
56.76675175	-32.16225675	-1.98756225	0.00115025
57.01925	-32.345129	-2.004761	0.001191
57.25800225	-32.5221755	-2.0221385	0.00123225
57.4967545	-32.699222	-2.039516	0.0012735
57.73550675	-32.8762685	-2.0568935	0.00131475
57.974259	-33.053315	-2.074271	0.001356
58.19892175	-33.22425525	-2.09183625	0.00139575
58.4235845	-33.3951955	-2.1094015	0.0014355
58.64824725	-33.56613575	-2.12696675	0.00147525
58.87291	-33.737076	-2.144532	0.001515
59.08313825	-33.9016245	-2.16229275	0.00155125
59.2933665	-34.066173	-2.1800535	0.0015875
59.50359475	-34.2307215	-2.19781425	0.00162375
59.713823	-34.39527	-2.215575	0.00166
59.90927475	-34.55313625	-2.23353975	0.00169075
60.1047265	-34.7110025	-2.2515045	0.0017215
60.30017825	-34.86886875	-2.26946925	0.00175225
60.49563	-35.026735	-2.287434	0.001783
60.67597075	-35.17762775	-2.30560925	0.00180475
60.8563115	-35.3285205	-2.3237845	0.0018265
61.03665225	-35.47941325	-2.34195975	0.00184825
61.216993	-35.630306	-2.360135	0.00187
61.381898	-35.77393475	-2.37852775	0.0018795
61.546803	-35.9175635	-2.3969205	0.001889
61.711708	-36.06119225	-2.41531325	0.0018985
61.876613	-36.204821	-2.433706	0.001908
62.02577275	-36.3408985	-2.45232275	0.0019005
62.1749325	-36.476976	-2.4709395	0.001893
62.32409225	-36.6130535	-2.48955625	0.0018855
62.473252	-36.749131	-2.508173	0.001878
62.6063745	-36.87737575	-2.527019	0.0018495
62.739497	-37.0056205	-2.545865	0.001821
62.8726195	-37.13386525	-2.564711	0.0017925
63.005742	-37.26211	-2.583557	0.001764
63.122557	-37.38224825	-2.6026375	0.0017085
63.239372	-37.5023865	-2.621718	0.001653
63.356187	-37.62252475	-2.6407985	0.0015975
63.473002	-37.742663	-2.659879	0.001542
63.573263	-37.8544315	-2.67919875	0.001454
63.673524	-37.9662	-2.6985185	0.001366
63.773785	-38.0779685	-2.71783825	0.001278
63.874046	-38.189737	-2.737158	0.00119
63.957534	-38.292885	-2.75672175	0.00106275
64.041022	-38.396033	-2.7762855	0.0009355
64.12451	-38.499181	-2.79584925	0.00080825
64.207998	-38.602329	-2.815413	0.000681
64.27452275	-38.69662	-2.8352245	0.000508
64.3410475	-38.790911	-2.855036	0.000335
64.40757225	-38.885202	-2.8748475	0.000162
64.474097	-38.979493	-2.894659	-1.1e-05
64.5235	-39.064707	-2.9147225	-0.00023675
64.572903	-39.149921	-2.934786	-0.0004625
64.622306	-39.235135	-2.9548495	-0.00068825
64.671709	-39.320349	-2.974913	-0.000914
64.703864	-39.39628375	-2.995232	-0.00119925
64.736019	-39.4722185	-3.015551	-0.0014845
64.768174	-39.54815325	-3.03587	-0.00176975
64.800329	-39.624088	-3.056189	-0.002055
64.815144	-39.69056125	-3.076768	-0.0024065
64.829959	-39.7570345	-3.097347	-0.002758
64.844774	-39.82350775	-3.117926	-0.0031095
64.859589	-39.889981	-3.138505	-0.003461
64.85700675	-39.94683125	-3.1593485	-0.0038845
64.8544245	-40.0036815	-3.180192	-0.004308
64.85184225	-40.06053175	-3.2010355	-0.0047315
64.84926	-40.117382	-3.221879	-0.005155
64.8292575	-40.16446925	-3.24299175	-0.00565525
64.809255	-40.2115565	-3.2641045	-0.0061555
64.7892525	-40.25864375	-3.28521725	-0.00665575
64.76925	-40.305731	-3.30633	-0.007156
64.73183975	-40.34293875	-3.327718	-0.007736
64.6944295	-40.3801465	-3.349106	-0.008316
64.65701925	-40.41735425	-3.370494	-0.008896
64.619609	-40.454562	-3.391882	-0.009476
64.56483825	-40.48179675	-3.413553	-0.0101365
64.5100675	-40.5090315	-3.435224	-0.010797
64.45529675	-40.53626625	-3.456895	-0.0114575
64.400526	-40.563501	-3.478566	-0.012118
64.328475	-40.5806925	-3.50052875	-0.0128565
64.256424	-40.597884	-3.5224915	-0.013595
64.184373	-40.6150755	-3.54445425	-0.0143335
64.112322	-40.632267	-3.566417	-0.015072
64.02310375	-40.6393695	-3.588683	-0.01588225
63.9338855	-40.646472	-3.610949	-0.0166925
63.84466725	-40.6535745	-3.633215	-0.01750275
63.755449	-40.660677	-3.655481	-0.018313
63.6492075	-40.6576675	-3.678064	-0.01918375
63.542966	-40.654658	-3.700647	-0.0200545
63.4367245	-40.6516485	-3.72323	-0.02092525
63.330483	-40.648639	-3.745813	-0.021796
63.2073915	-40.635518	-3.7687305	-0.02271025
63.0843	-40.622397	-3.791648	-0.0236245
62.9612085	-40.609276	-3.8145655	-0.02453875
62.838117	-40.596155	-3.837483	-0.025453
62.6983755	-40.57294475	-3.8607565	-0.02638675
62.558634	-40.5497345	-3.88403	-0.0273205
62.4188925	-40.52652425	-3.9073035	-0.02825425
62.279151	-40.503314	-3.930577	-0.029188
62.12298375	-40.47005825	-3.954232	-0.03010875
61.9668165	-40.4368025	-3.977887	-0.0310295
61.81064925	-40.40354675	-4.001542	-0.03195025
61.654482	-40.370291	-4.025197	-0.032871
61.482136	-40.32705375	-4.049265	-0.03373775
61.30979	-40.2838165	-4.073333	-0.0346045
61.137444	-40.24057925	-4.097401	-0.03547125
60.965098	-40.197342	-4.121469	-0.036338
60.77683875	-40.14420525	-4.145987	-0.03709825
60.5885795	-40.0910685	-4.170505	-0.0378585
60.40032025	-40.03793175	-4.195023	-0.03861875
60.212061	-39.984795	-4.219541	-0.039379
60.00817025	-39.9218585	-4.24455325	-0.03996975
59.8042795	-39.858922	-4.2695655	-0.0405605
59.60038875	-39.7959855	-4.29457775	-0.04115125
59.396498	-39.733049	-4.31959	-0.041742
59.17727075	-39.66042675	-4.345147	-0.04208675
58.9580435	-39.5878045	-4.370704	-0.0424315
58.73881625	-39.51518225	-4.396261	-0.04277625
58.519589	-39.44256	-4.421818	-0.043121
58.28533125	-39.36038025	-4.447979	-0.043131
58.0510735	-39.2782005	-4.47414	-0.043141
57.81681575	-39.19602075	-4.500301	-0.043151
57.582558	-39.113841	-4.526462	-0.043161
57.3335825	-39.02224375	-4.5532935	-0.0427335
57.084607	-38.9306465	-4.580125	-0.042306
56.8356315	-38.83904925	-4.6069565	-0.0418785
56.586656	-38.747452	-4.633788	-0.041451
56.32328125	-38.646586	-4.66136475	-0.04046975
56.0599065	-38.54572	-4.6889415	-0.0394885
55.79653175	-38.444854	-4.71651825	-0.03850725
55.533157	-38.343988	-4.744095	-0.037526
55.25570425	-38.234011	-4.77249975	-0.03586175
54.9782515	-38.124034	-4.8009045	-0.0341975
54.70079875	-38.014057	-4.82930925	-0.03253325
54.423346	-37.90408	-4.857714	-0.030869
54.1321375	-37.785156	-4.887037	-0.02838125
53.840929	-37.666232	-4.91636	-0.0258935
53.5497205	-37.547308	-4.945683	-0.02340575
53.258512	-37.428384	-4.975006	-0.020918
52.9538705	-37.3006815	-5.00534275	-0.017457
52.649229	-37.172979	-5.0356795	-0.013996
52.3445875	-37.0452765	-5.06601625	-0.010535
52.039946	-36.917574	-5.096353	-0.007074
51.722194	-36.78126625	-5.12780475	-0.00248325
51.404442	-36.6449585	-5.1592565	0.0021075
51.08669	-36.50865075	-5.19070825	0.00669825
50.768938	-36.372343	-5.22216	0.011289
50.438399	-36.22760675	-5.25482925	0.01716675
50.10786	-36.0828705	-5.2874985	0.0230445
49.777321	-35.93813425	-5.32016775	0.02892225
49.446782	-35.793398	-5.352837	0.0348
49.1037815	-35.64041325	-5.38682625	0.042118
48.760781	-35.4874285	-5.4208155	0.049436
48.4177805	-35.33444375	-5.45480475	0.056754
48.07478	-35.181459	-5.488794	0.064072
47.7196505	-35.02040975	-5.52420025	0.07297125
47.364521	-34.8593605	-5.5596065	0.0818705
47.0093915	-34.69831125	-5.59501275	0.09076975
46.654262	-34.537262	-5.630419	0.099669
46.28734525	-34.3683375	-5.6673295	0.11026925
45.9204285	-34.199413	-5.70424	0.1208695
45.55351175	-34.0304885	-5.7411505	0.13146975
45.186595	-33.861564	-5.778061	0.14207
44.8082505	-33.68496075	-5.81654675	0.154458
44.429906	-33.5083575	-5.8550325	0.166846
44.0515615	-33.33175425	-5.89351825	0.179234
43.673217	-33.155151	-5.932004	0.191622
43.28382975	-32.97107625	-5.972113	0.20583775
42.8944425	-32.7870015	-6.012222	0.2200535
42.50505525	-32.60292675	-6.052331	0.23426925
42.115668	-32.418852	-6.09244	0.248485
41.71565825	-32.22752675	-6.134188	0.2645065
41.3156485	-32.0362015	-6.175936	0.280528
40.91563875	-31.84487625	-6.217684	0.2965495
40.515629	-31.653551	-6.259432	0.312571
40.1054655	-31.45521525	-6.302792	0.3302955
39.695302	-31.2568795	-6.346152	0.34802
39.2851385	-31.05854375	-6.389512	0.3657445
38.874975	-30.860208	-6.432872	0.383469
38.45518825	-30.6551275	-6.47776425	0.402693
38.0354015	-30.450047	-6.5226565	0.421917
37.61561475	-30.2449665	-6.56754875	0.441141
37.195828	-30.039886	-6.612441	0.460365
36.7670285	-29.828358	-6.65871975	0.48076175
36.338229	-29.61683	-6.7049985	0.5011585
35.9094295	-29.405302	-6.75127725	0.52155525
35.48063	-29.193774	-6.797556	0.541952
35.04352475	-28.97613575	-6.84499525	0.56304625
34.6064195	-28.7584975	-6.8924345	0.5841405
34.16931425	-28.54085925	-6.93987375	0.60523475
33.732209	-28.323221	-6.987313	0.626329
33.28762325	-28.09985925	-7.035593	0.64747275
32.8430375	-27.8764975	-7.083873	0.6686165
32.39845175	-27.65313575	-7.132153	0.68976025
31.953866	-27.429774	-7.180433	0.710904
31.502764	-27.20113325	-7.2291235	0.731249
31.051662	-26.9724925	-7.277814	0.751594
30.60056	-26.74385175	-7.3265045	0.771939
30.149458	-26.515211	-7.375195	0.792284
29.692965	-26.28180525	-7.42374175	0.8107555
29.236472	-26.0483995	-7.4722885	0.829227
28.779979	-25.81499375	-7.52083525	0.8476985
28.323486	-25.581588	-7.569382	0.86617
27.86290975	-25.344009	-7.61709	0.881441
27.4023335	-25.10643	-7.664798	0.896712
26.94175725	-24.868851	-7.712506	0.911983
26.481181	-24.631272	-7.760214	0.927254
26.0180345	-24.390201	-7.8062345	0.9377235
25.554888	-24.14913	-7.852255	0.948193
25.0917415	-23.908059	-7.8982755	0.9586625
24.628595	-23.666988	-7.944296	0.969132
24.16461225	-23.4232025	-7.987614	0.97290575
23.7006295	-23.179417	-8.030932	0.9766795
23.23664675	-22.9356315	-8.07425	0.98045325
22.772664	-22.691846	-8.117568	0.984227
22.30981725	-22.44622975	-8.15699525	0.9791055
21.8469705	-22.2006135	-8.1964225	0.973984
21.38412375	-21.95499725	-8.23584975	0.9688625
20.921277	-21.709381	-8.275277	0.963741
20.4617835	-21.4629265	-8.309445	0.94721625
20.00229	-21.216472	-8.343613	0.9306915
19.5427965	-20.9700175	-8.377781	0.91416675
19.083303	-20.723563	-8.411949	0.897642
18.62962725	-20.47737425	-8.439314	0.866905
18.1759515	-20.2311855	-8.466679	0.836168
17.72227575	-19.98499675	-8.494044	0.805431
17.2686	-19.738808	-8.521409	0.774694
16.82344325	-19.4940975	-8.5402595	0.72665925
16.3782865	-19.249387	-8.55911	0.6786245
15.93312975	-19.0046765	-8.5779605	0.63058975
15.487973	-18.759966	-8.596811	0.582555
15.05424975	-18.518045	-8.605288	0.51389925
14.6205265	-18.276124	-8.613765	0.4452435
14.18680325	-18.034203	-8.622242	0.37658775
13.75308	-17.792282	-8.630719	0.307932
13.333879	-17.5545445	-8.626847	0.2151605
12.914678	-17.316807	-8.622975	0.122389
12.495477	-17.0790695	-8.619103	0.0296175
12.076276	-16.841332	-8.615231	-0.063154
11.67479775	-16.60922825	-8.596965	-0.18362
11.2733195	-16.3771245	-8.578699	-0.304086
10.87184125	-16.14502075	-8.560433	-0.424552
10.470363	-15.912917	-8.542167	-0.545018
10.08983725	-15.6879185	-8.5074535	-0.696719
9.7093115	-15.46292	-8.47274	-0.84842
9.32878575	-15.2379215	-8.4380265	-1.000121
8.94826	-15.012923	-8.403313	-1.151822
8.591829	-14.79646975	-8.3501735	-1.33810425
8.235398	-14.5800165	-8.297034	-1.5243865
7.878967	-14.36356325	-8.2438945	-1.71066875
7.522536	-14.14711	-8.190755	-1.896951
7.19310675	-13.94054675	-8.11738975	-2.120771
6.8636775	-13.7339835	-8.0440245	-2.344591
6.53424825	-13.52742025	-7.97065925	-2.568411
6.204819	-13.320857	-7.897294	-2.792231
5.90486925	-13.12534525	-7.8022105	-3.05591575
5.6049195	-12.9298335	-7.707127	-3.3196005
5.30496975	-12.73432175	-7.6120435	-3.58328525
5.00502	-12.53881	-7.51696	-3.84697
4.736352	-12.35521675	-7.399129	-4.151929
4.467684	-12.1716235	-7.281298	-4.456888
4.199016	-11.98803025	-7.163467	-4.761847
3.930348	-11.804437	-7.045636	-5.066806
3.6938405	-11.63322375	-6.90467525	-5.413194
3.457333	-11.4620105	-6.7637145	-5.759582
3.2208255	-11.29079725	-6.62275375	-6.10597
2.984318	-11.119584	-6.481793	-6.452358
2.779814	-10.9607685	-6.3181785	-6.83868525
2.57531	-10.801953	-6.154564	-7.2250125
2.370806	-10.6431375	-5.9909495	-7.61133975
2.166302	-10.484322	-5.827335	-7.997667